# Created by Octave 5.2.0, Wed Oct 14 14:22:52 2020 GMT <unknown@DESKTOP-8H8A507>
# name: Ax
# type: scalar
0


# name: Ay
# type: scalar
0


# name: Bx
# type: scalar
1


# name: By
# type: scalar
0


# name: Cx
# type: scalar
0


# name: Cy
# type: scalar
1


# name: O
# type: matrix
# rows: 1
# columns: 2
 0 0


# name: P
# type: matrix
# rows: 1
# columns: 2
 4 3


# name: ans
# type: matrix
# rows: 0
# columns: 0


# name: v
# type: matrix
# rows: 1
# columns: 2000
 0.29360644117950979 0.90481264777489001 0.087404790914964156 0.76588541339480021 0.53613701541120529 0.017621895054961968 0.12445555615018437 0.73169764723640651 0.97523439488002639 0.97663416310517637 0.32275211001045417 0.99857463272035085 0.43527605295811517 0.61498859274532458 0.75490344590798863 0.8234972970242691 0.83932036127245868 0.45590780591415364 0.10127847975182751 0.75637598826982333 0.44696413180729938 0.049323587809865718 0.5324466704279609 0.21404529542874445 0.10731757793028034 0.078029688644565651 0.066645003137492373 0.16763050568207533 0.13865700520648366 0.18226452118699193 0.47987841296217554 0.047108049836559182 0.90875967567786198 0.054400500841547059 0.043734408622506368 0.84199977285280547 0.17826595844351573 0.91485972951260108 0.49247851477528265 0.2504448084541166 0.12052805124784009 0.26159973988705271 0.18340158049414107 0.65476375807702014 0.72068033056744318 0.077417817846803169 0.60499973011835828 0.98148726470688352 0.44009997631973902 0.34411384791288419 0.46559964856494301 0.80436262013940263 0.53108972381137243 0.61404838886645052 0.68479454465200373 0.59828720990773843 0.88681588763106578 0.80868376719052715 0.8152981430669306 0.11947090671712916 0.80851079368828815 0.43955407269433494 0.6080984029239036 0.33149072436003918 0.59593864179991596 0.53969162972592422 0.14875025910053269 0.14119734825257296 0.27140788740337135 0.32412927530471097 0.39683074634132048 0.10162846184839851 0.82948650867915041 0.74404741274441777 0.26218755097646579 0.11947174285521082 0.40338859260990151 0.022639830052223631 0.91892058182764658 0.55050429019226133 0.10982819562191075 0.14073594069481293 0.31370318590746565 0.066717463467808089 0.16967732120107354 0.78263310484394755 0.47961394668613316 0.52486541867832115 0.95714367655898858 0.33885334857942001 0.59853348507531834 0.40122286702031068 0.8038241565665547 0.60116625247605804 0.47838055714563871 0.095507521586770158 0.9672471884319207 0.11830894626388393 0.62676429873411044 0.044838964352777608 0.36773458122986852 0.30078352801593783 0.76441326152241784 0.79317698039857909 0.76961055459452599 0.40150734885084555 0.71915312402485065 0.46058343259455431 0.61175486650001598 0.51948236845341311 0.40080746174983345 0.18512859525023434 0.058475732049073678 0.89817783687664143 0.71257912572799809 0.45520578540268669 0.60455957569160168 0.4184870585597828 0.87934330989575082 0.40901097052245944 0.51401684216016852 0.62123745644062189 0.54357525461577105 0.29825914402351944 0.9923640206827854 0.64119216138522561 0.25589715787333495 0.061467709759808795 0.69800517760529823 0.033030129664348193 0.62239157831088243 0.076826307058265361 0.55879868337521721 0.025136688909554051 0.41028816668265927 0.22439485680325616 0.15541427418190606 0.70094349634054365 0.63603052662120252 0.78271257360129842 0.45622148925809919 0.59797673471724011 0.72064312856357526 0.033076402292751259 0.26133448826831635 0.67736452784362988 0.87421499369955824 0.0963715778892376 0.15271034822416391 0.098950800558498406 0.19330040944540744 0.88697124589138132 0.41369746918155276 0.74049512819699548 0.84832267371475145 0.15587720752495932 0.092008283399305599 0.3882756707960367 0.47303060840744954 0.57993512251527757 0.40283985984965592 0.083140270098842547 0.67203764236205366 0.82494354543538484 0.96663056803752956 0.072084367382453982 0.40073554517020976 0.016811573985128715 0.72424546900408959 0.99356956379147077 0.026987030310211369 0.85668974465149006 0.73998804598469037 0.46894953622120644 0.84897645053675008 0.69186959278920934 0.65877778361211226 0.99425506133383024 0.50255021141224243 0.74787925966088797 0.51685200024127098 0.80865197011412471 0.46118560645950041 0.10441818543087349 0.98662516381218224 0.14620301945210662 0.13749922595503944 0.62113347598129354 0.93499717838551888 0.0084573222091080431 0.26389878820525897 0.81041677471163898 0.052762245171367225 0.56923405303801655 0.023280013999107552 0.22916321731254125 0.36359670702802799 0.30051403502387891 0.34604409267871256 0.45614729095677436 0.95234568450382107 0.76135472358755563 0.58161801757505849 0.091393395432154786 0.58309902750928688 0.91494161891442283 0.67007688009444311 0.50104666030746614 0.61374578814298242 0.033232739974495981 0.83285825231319532 0.98100728658542702 0.029365390061813091 0.92877364690330999 0.51411473836626453 0.20559250624069975 0.80096555737864172 0.97361289036910448 0.9265531570733444 0.75309921324889706 0.92224506139747187 0.29609172647038356 0.65808083407363949 0.34286097124696086 0.5874192949882604 0.26777361779629621 0.62914585730586969 0.47657213217362154 0.78671569647916129 0.46806857680533626 0.26609839194067703 0.28382106979958094 0.60197041800561646 0.54732301065777633 0.85780681308144746 0.51186076285381554 0.63622060247041601 0.20775681229302839 0.29950326303877189 0.22289807977092707 0.81421951790616287 0.21860782163862175 0.99470519654421874 0.55333783763294764 0.41173257907250188 0.092740963621500347 0.27925644608905459 0.54536207979681683 0.91984290495063792 0.44396579825143151 0.092885156836611624 0.92627361158551613 0.43711691706844708 0.56832661837264153 0.10252594279274445 0.97762034932372155 0.77304589336306551 0.067322466650449872 0.30076406508668879 0.80219524111928042 0.92417812736853544 0.54122835839375516 0.85793871992192672 0.83482478786507897 0.89519470068851037 0.6676545947882091 0.082905601888802069 0.53382193091359587 0.89437315686211583 0.65569467053359876 0.086387608041647621 0.29956057645395479 0.73552041251897404 0.75524881587136516 0.063880796168086992 0.3050102766155523 0.70406445153209318 0.86476895732113301 0.86544705586570003 0.57696940014209264 0.5734290328475925 0.54011084264776388 0.23460001821399684 0.35270738952958308 0.65167739549700798 0.11173117401632497 0.26343482961079129 0.8679394086292187 0.94869166295886653 0.7258968562313467 0.38287723174445271 0.43234692555674731 0.70438839365758621 0.85257255629324313 0.02782695711877874 0.56524900863681116 0.33308779574036379 0.18264800685158161 0.79733487332644926 0.64518037678168561 0.88837550359616857 0.52993889249725001 0.63090442659484913 0.50358398014443895 0.56820737121339382 0.41083801237172651 0.16986942233371088 0.6697813024473801 0.61173612124136156 0.93681607711639059 0.20190164403707916 0.68132040174253561 0.61387726487780891 0.93404050206540967 0.23861012852778202 0.32527284683989693 0.68495533372512374 0.75348611049866554 0.99507477230536034 0.75863985119845401 0.25518461989315139 0.36355502715493532 0.053369560810576019 0.07173845982406761 0.9828546264610849 0.55382982716266216 0.36054368336492798 0.81477418667150581 0.73092785636270008 0.68095985688973137 0.68368956706444139 0.94390665289675013 0.51363882821393658 0.058308563887003936 0.20344917490638065 0.44496755211382338 0.56624195462276272 0.60446980154377317 0.9419339999629327 0.73744350809215897 0.40517892799469885 0.76839617383041492 0.77058838480763625 0.46822989762102024 0.61049550324680135 0.13432840983531996 0.26453856376502299 0.42816749774428625 0.80133756784856347 0.11799472651710856 0.23934813431800711 0.47158347720214971 0.54540580717052212 0.6642693747884546 0.10551559953748017 0.36642128577184924 0.14506860956533613 0.73444409583956893 0.17550403925793895 0.54322894795533039 0.23241519566272301 0.41582948597466457 0.38962783864221989 0.051967196610792785 0.044070520391530629 0.47245675446716934 0.2351574372312481 0.50338212850061026 0.30529463817583163 0.46349711077874561 0.41245381730457314 0.23149144649823822 0.61082443394346997 0.32221567691045055 0.46173996478652607 0.77623918348852838 0.19362088202080402 0.011872632533105488 0.029258552443943642 0.52769677551514438 0.36762504511073496 0.98249782682262243 0.3657350035937979 0.59715017884295107 0.75993374661249258 0.20752485895558076 0.25904029930404388 0.86837155454754167 0.56859274820758732 0.15238283270516478 0.33308730745596599 0.93933686496555135 0.23416135931611054 0.94424875289025734 0.14483287758959468 0.31443910386511137 0.95845775675052225 0.74361017422276143 0.17398147375276102 0.19302651990224989 0.81245633040591236 0.68459245308318861 0.23587886857075407 0.34754265746160301 0.7105360307494315 0.72170156048048806 0.99894729621876266 0.68947328493238003 0.63684636564722763 0.24144272927046379 0.67936612647535122 0.19514499070710506 0.1482237867216834 0.04977670408550465 0.38848115837837055 0.65710365007227989 0.61020141972670316 0.76065775151509329 0.82755851777186806 0.96604850614372573 0.59279500892687154 0.62536443128056596 0.62957386557299644 0.61376278860146083 0.27337325752402181 0.44781235486025978 0.5594417237203152 0.31091700282973994 0.2988456850283277 0.7237245272995485 0.78665053663603945 0.2545366130155951 0.93936799479561295 0.36733764562398979 0.16926147401798558 0.89058717512891394 0.60564977278466048 0.029057639103691458 0.30799292941003514 0.20343862250943884 0.0099232365358611803 0.3631501426043921 0.78859046161078217 0.17261631605407629 0.32615965576434186 0.080330360049314861 0.63867457240925429 0.2013791120670087 0.45890845655706675 0.99520795870703038 0.083531212303358179 0.64136728507951191 0.62988027623719711 0.57948720501105833 0.91208927984118948 0.51188606276120951 0.68243005208174723 0.54165616873114963 0.93732670777393368 0.5195382544860343 0.37130809062283204 0.22751243287274187 0.62301993174259374 0.67666433818855565 0.89130315130757232 0.89071356131404189 0.98946814144650252 0.77600669405905409 0.60328781980673962 0.93329335949721037 0.72205877776073735 0.25762819085279803 0.17634202722799769 0.93301769070061635 0.058316520673864322 0.53639355133978162 0.45629801489340099 0.28157741516416684 0.010093278941563578 0.3587629230361577 0.50375315140158294 0.22849183491307162 0.33995870888108054 0.065499678182778617 0.71387961917039222 0.32692200720497105 0.03516320273806732 0.024022238111790984 0.22253985964016204 0.010193103045029007 0.27365303965694426 0.64305714458676078 0.2134109372533764 0.30602295277232366 0.4592661604096489 0.52081763367122247 0.82326023295855189 0.54343609534187398 0.93238102067659834 0.534171694687954 0.84961406202383016 0.063555658987994576 0.64802211960409439 0.5362583930058431 0.333408804670634 0.50820927476208366 0.778691005191676 0.97056507395257718 0.59067504113709268 0.22801720709273227 0.29185701742518727 0.42598929721666717 0.98524855062007188 0.14447023138785881 0.26399086701294167 0.54075704277749348 0.27502832441327901 0.15366150761537961 0.98494499258401114 0.24784615811961624 0.14964337046246484 0.77125679165929117 0.34226174926621372 0.51193088573334777 0.87791529512520661 0.45882020865545509 0.15932729460452794 0.0026008032639232457 0.27725132644093736 0.93083229648845855 0.40418464526954706 0.12478737135681765 0.23783534166482206 0.7288281056264031 0.36489093321343963 0.89520885077185586 0.64740987898642655 0.67610843584219149 0.3308854911040488 0.15484260714208803 0.27788469360983709 0.5804087534415947 0.48037716801202551 0.94793614634787027 0.48394897253902663 0.054246016072952694 0.69838634737998784 0.81738905854102228 0.0096969497370852815 0.43481162151559977 0.28375865782447912 0.28686963479983579 0.16491939597659516 0.042807749695850814 0.67207170055552246 0.41819360091433327 0.59588210216685311 0.2512973321899637 0.15455221578616568 0.95223499727238614 0.13630402492645627 0.49988271830739223 0.60564694780140094 0.39888415264132232 0.92705952660439861 0.20360567764679077 0.17396537551922203 0.20635269898439329 0.64868128897494282 0.78198372840641783 0.78698571611470258 0.35068703697737263 0.18566103949249307 0.52299160999544436 0.25767023260541161 0.39232377924280787 0.33425641229176078 0.48401955491077769 0.5900773529583605 0.56310730829785716 0.19927297844223996 0.99636847742496537 0.73158491287846805 0.71661354430614777 0.11324056603940262 0.66939885611595196 0.29431294193493668 0.038829416525480595 0.17661670039756222 0.8441438834761732 0.85354388844197215 0.38830358618684629 0.31429342980590663 0.36380479362830059 0.12996253320161827 0.034513986023762919 0.68324663759326387 0.22811362058161083 0.58707250609530426 0.4108069258361185 0.59086641191463896 0.64324461785426157 0.73880428192560854 0.22437274115577371 0.17719858351947732 0.7438574536451239 0.11707312557535936 0.9267141477780676 0.90942027353101584 0.91803527444492306 0.1451289864931215 0.53588221841112638 0.25180909095243958 0.12584341828986995 0.75025527950854909 0.73304934782793774 0.2526225633539852 0.75952420800191256 0.029254955888182988 0.39712300197142109 0.040407608519400326 0.96034055443683497 0.62122987793270956 0.40927708289216896 0.43887933218185177 0.66186138425732977 0.27606026562767033 0.67418631873244161 0.47766791311294293 0.62525934176194087 0.80634403020174561 0.060137996651406886 0.64765344948751813 0.6373694788157539 0.44820511812848424 0.46270250084231351 0.96577694126559033 0.33480152427177151 0.13909740563459011 0.18230089687364442 0.95777183618546735 0.16554054247362432 0.42673311762488492 0.61540430786069433 0.00433741143200832 0.54496680334148062 0.2930208300854234 0.28802109722099684 0.8288995398588711 0.94981242427033463 0.65113388313761389 0.88977630432641497 0.20843883432527172 0.12471742348554331 0.24983372655617458 0.15864152129213943 0.87594296690331741 0.21886976612057779 0.098520106433896013 0.82918323024334728 0.36745539440162539 0.56330641986887831 0.99137207768258573 0.63159557662311738 0.70342520922945817 0.62932844837216728 0.18593067538850855 0.31070274461107977 0.83414778487998109 0.1667315936657206 0.64147351849941026 0.88010526233356068 0.79215326300483091 0.58771618785048063 0.78207842204154532 0.77814092341573182 0.70690431782774255 0.72614042564333059 0.13178328765621522 0.33602373052012119 0.31689210856864275 0.27113515520200099 0.31349170660536957 0.42175893640255419 0.79130286174677233 0.93053002860756939 0.77158418619838676 0.88703518688013849 0.24586595438929398 0.77676377429709509 0.26689712609167487 0.84002345357267438 0.31557660236141211 0.90391770566167329 0.87106857787145597 0.95762312653193271 0.26326429279242652 0.26176209951484747 0.660250138221118 0.38887812385874482 0.86668454735147626 0.56795753732609056 0.26517108227396974 0.48334555611216784 0.77284035201304579 0.42060918212039416 0.58792541163414136 0.32963055309833272 0.38142900831408394 0.018835513008527639 0.88242027348851437 0.62681218828301355 0.94070206070955276 0.080066608799930369 0.53429883232330144 0.48038648307498849 0.011609803774375416 0.34481025648324565 0.84323488712640604 0.99631173779962134 0.31247463932177383 0.97455429589333298 0.47464504176078787 0.55119003626062513 0.69796316103155231 0.83261832073318431 0.47697409142470831 0.92110566462696852 0.66797024985892761 0.096751872712081452 0.69106293797891127 0.36332247067943518 0.39188909602853433 0.62598048598918143 0.050922192801566665 0.16955370703446898 0.60024410297028397 0.0012826244249255936 0.077708874471970654 0.2745172485680088 0.88251287827270675 0.49830411238918187 0.11129036851094935 0.30995390716977039 0.43924726079264859 0.79838018673670919 0.88926864024995578 0.82222788312197725 0.46247411505933006 0.30715469679118895 0.49560302949191198 0.93245476048147979 0.95397835525394836 0.26783604481169615 0.70968089636203235 0.72510700416377316 0.96924222974502783 0.47162770202534737 0.77872992171603617 0.0084272734742808948 0.45486450462743117 0.94354891156026577 0.79183662736777105 0.35779068392137342 0.12522508560225615 0.38184224256693627 0.13296440454719533 0.39906363136586348 0.37432310153775378 0.14307953485446273 0.86554833093247852 0.82055149388987803 0.13323405258278104 0.73548863440185408 0.44671142144034309 0.36365041820913563 0.43870283780052294 0.26203626766722415 0.34320306709734133 0.5225353245718205 0.39493766765527266 0.21500689525431654 0.1729024198659122 0.97339425426646742 0.30246997363614186 0.26661843699809101 0.99546961265285372 0.41512484974102487 0.17377243649160284 0.30758986166185126 0.24769040681836024 0.23655920332182317 0.59698499971017982 0.57162434182482746 0.4103678490563954 0.68136712275313971 0.95937868809020721 0.19441548203563225 0.059492638562490582 0.93945643459299943 0.33130550354975424 0.12274493738705199 0.12976588710430553 0.90773999341472977 0.57077763273979421 0.72089069460795496 0.67316169643018309 0.1430253549357236 0.77925375809099251 0.011266088448903134 0.6137964180083153 0.90164256305218593 0.51279655981940053 0.49986131648093496 0.63874953002611146 0.73971742905807747 0.84950649947125523 0.23653094128543678 0.34932832468062508 0.14541070030383135 0.68930788442494983 0.3781490558923411 0.36977627049476541 0.095975221689630616 0.71560834685184926 0.36856797033908956 0.12637024316096296 0.27004299733337228 0.79467067200139163 0.23577407666982492 0.49258504298263478 0.50411787073558034 0.44038004375773193 0.53601333380524174 0.56576053921538505 0.5620551097441574 0.65106642594279829 0.37565825915902912 0.57047217311318721 0.093857176300949849 0.70672751960357094 0.47101434395056901 0.96236595942617409 0.47820672638210177 0.51450516408277391 0.052623395377843149 0.34329522855123557 0.39161143749273669 0.038100453622716565 0.022483755887700952 0.79723222911356539 0.75241885057541957 0.16978540789397073 0.47793429183221209 0.72743603151437819 0.12635116004613284 0.20980247048854178 0.7751779449322278 0.70639176072207976 0.47728617867709516 0.15607685176109293 0.91325607322486613 0.012825776987493698 0.082510484444930296 0.012800930658173604 0.61599729721865881 0.59872451916038982 0.61158090778807805 0.35418901961955712 0.46777671844060459 0.85403458543449484 0.48469152502987073 0.7130024456394265 0.43970485643610208 0.13476359236700991 0.53158025925383023 0.17510815460726398 0.92872434038420493 0.89336594420095794 0.56863532097706815 0.35909106352681469 0.9212245020989811 0.59957409914155235 0.80399209992695597 0.47239553878353829 0.19878711206564043 0.98024766303708255 0.37929951111946653 0.63140931388042187 0.51635875722914704 0.39584596047723136 0.91629973293303668 0.8161519779523505 0.3249197524232928 0.0066671264778549897 0.06172268788816275 0.67392310498111219 0.69868476608338237 0.64853693648899624 0.19003473580242441 0.25194437124314401 0.41835901537611514 0.52617607270948819 0.3247036533596957 0.5644521295975955 0.7722024902150304 0.7667444594094599 0.98424490576168611 0.64475856597249503 0.92653464933590957 0.57920139413916794 0.82157250704486529 0.10746161061488683 0.7099385122133427 0.038960508994633478 0.63751230434040507 0.035359636840757089 0.48984471319599926 0.78345638113468752 0.25019384470288658 0.6365772462050624 0.17116505852541025 0.085746778589404202 0.40784307677939641 0.63051152709562919 0.09692756814374319 0.37570919151894872 0.81350800200636275 0.24283877084639288 0.01167174943231224 0.6211744007867005 0.7290945484699306 0.039486830516087409 0.23456330914098583 0.5877501155183259 0.38830593775083472 0.20478763782948811 0.81785035945546258 0.026323760466853297 0.28944758904758489 0.093684703835407765 0.97634616138988761 0.5502584379243336 0.40472788071005122 0.46925829261498514 0.94816255830577956 0.39490433684092391 0.44476442701506264 0.17076443774668287 0.53768573942658893 0.38682546763285014 0.01659783597591007 0.26786938636985952 0.18555660937591706 0.68006749465974736 0.2451414715586448 0.31669510749904745 0.011184434251896237 0.058867294686431967 0.63327738710758008 0.33760849812187305 0.24554143238134268 0.49016982470095588 0.64317220303625289 0.57944960610828222 0.63985116728760449 0.28825980407283996 0.21359221343651141 0.74577694197442723 0.5428780181934284 0.86822280455865353 0.84819302875764535 0.45454264431711272 0.18468482803073422 0.44881998462670275 0.307491702457035 0.078774857151650043 0.19061811629793118 0.29241632800686451 0.3490376523407504 0.8554144707951904 0.46615936516732265 0.11882642341519171 0.89945848302927056 0.37063592629283199 0.056919711757534228 0.22892977564912215 0.75284891031304291 0.44173372685535189 0.35081365781824209 0.48763668221018003 0.10192845400933141 0.81979646401798612 0.42741889681099526 0.4671645487026444 0.00830236883140072 0.97108532758978106 0.7690107156650059 0.53048480678271726 0.91104670244105102 0.074104374239701218 0.81778342065762144 0.046194486996742598 0.61857698145238593 0.82910925626883036 0.99765281351022006 0.45761824103191301 0.50339251393145179 0.99332561128800889 0.82990882035966118 0.89801398341682392 0.089655848184607631 0.1123952113692807 0.95375856696811301 0.038418426510363798 0.023894913029385557 0.059287068256838424 0.91638433769216809 0.68136222822338055 0.073634308070519114 0.97586365619878501 0.56741282988767761 0.78792649221548106 0.55733877473292526 0.38222086439164055 0.62066461486274138 0.17378089717335715 0.3562296656272303 0.10721893223711691 0.90336227069651076 0.30548903717392789 0.22312943471192198 0.57536834701179829 0.62878658411481025 0.8189872515637957 0.54042186917883128 0.18747071498996887 0.57088447001887277 0.15258083329072741 0.98862700361533062 0.85199918711511202 0.43010133899891051 0.49239832367258035 0.3824308612029737 0.97312211704270346 0.55397574994003473 0.301503228649252 0.74906631575732741 0.48785481160724425 0.52275457168315453 0.11609278696393525 0.21658664997248661 0.83052163071030516 0.57695848874195654 0.03493584277926258 0.86906568240462478 0.21681760188177474 0.36150347713189473 0.19020909475480557 0.62779049543727072 0.50355437223815436 0.15975384600582815 0.38937155484403935 0.48077645179894807 0.77836999500190762 0.83453305416573065 0.60239879543562913 0.06795069347629272 0.037362346353993978 0.092977924370748075 0.28515239616173865 0.98190749786366371 0.54025134798350571 0.23382383413246982 0.60893068993124755 0.50929956354564498 0.36999376052502581 0.61921772470529945 0.82547350065196967 0.52044765251998049 0.6388350045607526 0.85157551707485535 0.087379604447990131 0.64341661036634434 0.90798348986610899 0.90520909076214584 0.33509534282025916 0.25308426836128955 0.92323319614567845 0.86330441828914339 0.92974101449447244 0.99166995072416464 0.26117005246498387 0.10984454889874344 0.62388878750034527 0.041386669230828496 0.49513510868988192 0.14528378391900648 0.56847112935543764 0.41016511411726247 0.31785094686763909 0.28669378463782508 0.6619808017628791 0.44874198472505772 0.57731947592166211 0.4172083808932508 0.73693039636990998 0.31597212583436568 0.32917244465071055 0.5476264169317101 0.055532300595161718 0.76417190016523584 0.054972896693930504 0.42767947847917959 0.98771270154057089 0.17107359729072175 0.99574487843768833 0.51437432911105796 0.65770853531902329 0.89991053696207757 0.10041562554099019 0.1014116211047537 0.21930328222898793 0.63368069396353144 0.066279351376666337 0.59670251439279298 0.5346636937568523 0.32792260764547682 0.32200022584347804 0.93778427605305847 0.81944037757289034 0.38955101665093833 0.17148542139792838 0.91382219562599143 0.87635095099445104 0.29023480328526224 0.081393199607943487 0.66104834851977501 0.21321045159631763 0.88861343097672085 0.58114717214955769 0.067863535869082933 0.11116927875043829 0.87660101730594653 0.46092909847646618 0.26084853217329768 0.15910375240233815 0.14222459813793803 0.79648013742464563 0.46595632832555228 0.78121748855166839 0.78844985939597267 0.21617472497971052 0.44214274564156003 0.97632748972883965 0.74401727952527819 0.74803989259656467 0.93017974541239257 0.69895536669193925 0.35371339861904089 0.29635337379491095 0.36919885500292332 0.66901963683117338 0.63086769698533618 0.34172045395576628 0.095506025032234529 0.43415865318954444 0.27936144220522002 0.51097213423202736 0.74074158977979065 0.82756073013061748 0.77431100142096199 0.58706929918450712 0.61338224507602768 0.93660212182718716 0.55485617407123133 0.95652940294609168 0.4680446482122162 0.73922455178172175 0.17097332988970276 0.94952418149942686 0.23152363807567505 0.48905063638534035 0.52609986238877193 0.8750805000468983 0.034462705694372972 0.028522814844125822 0.60662927629844487 0.042041156305981972 0.20648805683171684 0.066866730358160306 0.20411020059060642 0.68539445238135399 0.29163541057009595 0.072460791532320254 0.17901020226899339 0.63448552037165695 0.29153629963313238 0.28991403763181894 0.19665635341755378 0.4748940255626028 0.27062409022428741 0.46352644524154624 0.15083263789710338 0.2572104765928242 0.22923664444565833 0.46123830856069897 0.88936875186469955 0.25737550858576225 0.46678027250422754 0.94936375886825708 0.51716161968700458 0.83563729231411488 0.97975887338713807 0.88445051216551862 0.53730222732530641 0.014647959258619548 0.55345023024547702 0.50297468048929694 0.51634536240943218 0.1548144680644073 0.52810998451325009 0.603734951350687 0.86013503522688672 0.73365833812995318 0.55138924062455408 0.83250097642123777 0.12342406009032363 0.48289346438175734 0.74053414501947634 0.48555365813168666 0.11674895157529123 0.073471177416802799 0.21230960518717551 0.068116327431044607 0.42876909649554834 0.35381070038342982 0.43337231713557028 0.16543535708196461 0.98894346863921423 0.35734863508999853 0.82732294980971977 0.83024126107609231 0.019427056919704078 0.62631315435991208 0.97629019831701214 0.9212854783619091 0.37125947607540738 0.21419096574725888 0.96729190255090058 0.59050863779364404 0.01385316591092638 0.19407877762521036 0.22014255425559898 0.20276066886338101 0.21369634205170035 0.3638329128196372 0.25865855743071714 0.87130810861751717 0.7058450249599979 0.17786983925688554 0.1341000836244482 0.5637703116045627 0.51104777997749351 0.35937854637613215 0.30377738231841073 0.043702096527962017 0.39513230134937433 0.98962473919345617 0.34883911497222714 0.5636777285737018 0.90009295893560615 0.40745286102914963 0.27397429921552513 0.51341723016286955 0.10448233662081101 0.71141706400631632 0.18219405089537716 0.56092284420043714 0.50163922670764971 0.11360952469709788 0.67675181741857859 0.92505736902376456 0.35963364882232235 0.1253176437925419 0.77660898299227854 0.43997986402732708 0.012499914667722756 0.27747352053559976 0.42491333388937741 0.70957296336169884 0.24315070237678099 0.16722345355405893 0.57417193302533964 0.31343544962552744 0.50299977557678455 0.89654088512283558 0.55903041874978321 0.9163894730387655 0.52896681300786141 0.47770119172339592 0.74202447438349717 0.44931009604453126 0.1791819897687203 0.98642119789771543 0.1242439486003845 0.48281066641817011 0.2893515160625077 0.6904380578477084 0.72921547224847405 0.68810672301852904 0.50318552998534694 0.52664086973386759 0.053094711569200023 0.078220994595417689 0.52545738228136551 0.77447610805988343 0.89933176940698967 0.72715649631385482 0.70728633058732715 0.10395385607537448 0.24329475781677684 0.89401011987182055 0.49661609900054865 0.28074258732652796 0.7206582247877924 0.70331362946617615 0.73592722410100497 0.24834599406322749 0.97496583302175277 0.53078523185751902 0.90986966925784885 0.68555154873324919 0.2686464346588881 0.20244863777703476 0.10709843407628432 0.12805305731450184 0.67721303952550282 0.52924283547145778 0.82098969648224329 0.17270109808329664 0.0879153617330201 0.22557410045303866 0.22515244035629772 0.3285711290461209 0.96893868247846948 0.26419846498270333 0.95844000402025087 0.96777699038621057 0.57688702281912951 0.66645060953252055 0.012895869680568928 0.90378268137361184 0.20300972745326312 0.22365313974583939 0.12733773025303446 0.076756753047125745 0.66695503990897453 0.41390487535857862 0.0028887155521563511 0.93066032096007667 0.96276798477581516 0.58395934613148448 0.62243673911901887 0.79073832568423841 0.091644591680715523 0.72909789774579603 0.79995599168495357 0.51154334394557965 0.72335364393354562 0.30702469369658408 0.34105728435887867 0.60294206913414883 0.93707374477171679 0.90021053320931232 0.13392054688122729 0.72878906305388114 0.23658847092127216 0.69121915838781267 0.53402042930594551 0.53998653060269319 0.80886726406704823 0.17311193019880561 0.88764316358953332 0.24797255138988489 0.80499678140391462 0.33445631922537628 0.78662196070767176 0.6495811761023762 0.42619113772708389 0.82596760527801349 0.93229666808199041 0.63030003994741546 0.0032636019936596481 0.1727071618453449 0.54367350338237264 0.9910249003256113 0.75939533285088356 0.0077602737945390741 0.034789401213436363 0.029141311715241303 0.730483894905128 0.03537035009567728 0.86077059529378419 0.59790449627820896 0.36829368394776046 0.05992324984307533 0.42888396540437063 0.88755539630369906 0.33883111066813326 0.25826495025251234 0.33731329317270337 0.28691993019670087 0.61133244712080037 0.015162821592446241 0.53677052986175477 0.92895418064318414 0.47753168740179536 0.25036363260659661 0.19135848208734424 0.92811528201776883 0.32543522670176989 0.65507037364805765 0.61759778077625982 0.11430399900889025 0.52279573384423561 0.71729053091814821 0.20817463910413841 0.70302936207383881 0.9500821341732858 0.11223909211788057 0.30978473272722368 0.28236800016902902 0.10900888055558171 0.74185480494457268 0.97105459186864418 0.57929952569117948 0.43984566738351011 0.12887681373167131 0.94873477184486188 0.98979446712024455 0.48372321526417478 0.20671342012533162 0.70760484806102408 0.7826751700852379 0.43733071838065435 0.045756102001295471 0.67890346176814642 0.49144008054574789 0.85331988207765264 0.41449849106205522 0.25059530681603565 0.50310016312746242 0.55350505417971207 0.95820913055613355 0.4588940331195473 0.95276456905683604 0.10567902222448726 0.67501868425877509 0.44672031095799331 0.95170648968178828 0.31631593173421185 0.95929933520092991 0.980704461574603 0.95008507320313662 0.44567537815868169 0.91681039916645712 0.079602546109996661 0.48038743491685737 0.25460849378017208 0.84293733379751723 0.96220248547439602 0.47173834284476196 0.75492190593494957 0.43130415056478338 0.8744140661655041 0.57127842973443133 0.47232026375803166 0.36135610692305037 0.74757964191131776 0.88396412915429445 0.36837572819516967 0.20921012411846535 0.32152260045624564 0.27015248723879842 0.26006759335105273 0.65216633926881762 0.62374709428060959 0.7092421381084032 0.30082562318469003 0.85401767458681932 0.039615387717246306 0.38008884408102478 0.78855432401735159 0.59394007704054408 0.8462655017705526 0.76336113382240278 0.41087976979016166 0.14073900365025011 0.41097206759536903 0.40835251166432313 0.15461816154034508 0.54478298802792946 0.68665511177187544 0.029950410787676841 0.96456303158151602 0.40809416356664202 0.092741257756584192 0.36889448624427729 0.2767047595963123 0.04018506489643707 0.013868318561467242 0.80939497460432497 0.097214061102598934 0.87097099079055218 0.69200763849674596 0.57705017112323675 0.66746074863978666 0.95774784890817011 0.31655375516349454 0.90008863290689056 0.55640198536332353 0.39689880146744921 0.16931688492758207 0.911749448543406 0.11613387471600838 0.24200081917041655 0.81532863701511438 0.81142935867158061 0.19386865981282558 0.58342319486987582 0.16161148958712585 0.70857378571985896 0.39172521160291601 0.40334491564060876 0.32442524812154389 0.15244709979534682 0.99987906643254421 0.74695991001635886 0.0038468616560989764 0.98887516619231264 0.21199638881527177 0.031005057666620251 0.69078690675965748 0.95336284924682912 0.88262193151381618 0.79928923728650381 0.233947101892724 0.06489334193427225 0.9911555018058118 0.57269365926239313 0.30259465479912312 0.94494154118243801 0.89651673537922549 0.16140970774145164 0.69644596542896764 0.94921597579943595 0.91334016060346535 0.61374606827896472 0.065617734753087117 0.19502578215830318 0.67347498160054953 0.18325141687960717 0.2656810359754192 0.48741680936130111 0.089316840375362846 0.33005259376896418 0.56209731529306783 0.64104601239815862 0.59785493921298927 0.96690980188773834 0.59646228044006944 0.49143670143652679 0.40365480436760343 0.015106534811490314 0.28555006998198967 0.30716799450201154 0.99670400014126659 0.7001209423944742 0.50081169508650014 0.44912408666951559 0.0057928358030942427 0.98241946301537997 0.70372848992657056 0.95883010823566051 0.54998998209089278 0.18335703108798368 0.066491943760590241 0.50752237027482749 0.69574473701710082 0.0087409090744790426 0.90865123121411162 0.89207056429091491 0.94117517759433766 0.78116164076248651 0.33319906401207239 0.86320889844047166 0.70535146549860506 0.80413984373601166 0.84191550021034856 0.043314224071409765 0.54262198186528054 0.31315871436113624 0.31314166634520574 0.17692276627878506 0.29173441890666602 0.26801383187279232 0.4843676722580324 0.028401359339680732 0.72283535030123336 0.22615590629434207 0.27144985881491618 0.097154083157933988 0.29860334269287664 0.54850981927186682 0.45223324429651174 0.89647260590340672 0.45267700310678977 0.66430573354840261 0.53900203592428975 0.015454650491931333 0.88735633157393834 0.51431163783335898 0.66542634950954827 0.20285916678993238 0.0092280816626247215 0.6177152077031286 0.95594469231655954 0.73769585925651615 0.60535627397878533 0.44248293965280866 0.259132429301482 0.59426309537998745 0.90696459741759905 0.34821312275533506 0.17156710843091388 0.48385666703293667 0.41712760456939518 0.73592324972834644 0.68762431177201955 0.35381940522163041 0.35108585385914554 0.013070875216806544 0.13575114062078569 0.12344664951209743 0.61151201664165777 0.87817934549162668 0.81061116889898466 0.64511432839555194 0.11845758581628234 0.17661541694069222 0.52766046636872121 0.25266604218449756 0.90912995886732972 0.68787522799324674 0.13517147954122838 0.25637635100961714 0.10980504860902522 0.83100037556640127 0.3046548099786362 0.4077570945443601 0.11755269134005035 0.20298456886700628 0.40431176126932805 0.50754198806564266 0.26079142646218173 0.65696637084212506 0.037543883767607464 0.0039905727209453177 0.62842227351797697 0.76603545748981761 0.09719476924652419 0.62759078902818932 0.71457737960023049 0.34596605075412196 0.65279968352034323 0.8814747745429572 0.97109987274853915 0.16159876693698688 0.59484849499479531 0.38694346001333629 0.41560683059653675 0.55115200332045178 0.020564802088774582 0.56097585969993391 0.44400569041893817 0.76433143055439412 0.68044446716234108 0.48398174121241094 0.47967401233982038 0.63897188420694195 0.087719047458516927 0.73297324896298 0.01370269753043234 0.46480588620710311 0.45761638207279826 0.3718021463630668 0.41240899755841459 0.26932210598420309 0.39340558084030747 0.54820652504993983 0.03627276086460178 0.62794997146435205 0.61752186226360728 0.69965225726222258 0.62374527753617337 0.41992074758290515 0.59214491907055322 0.15292599243787569 0.32920293893033842 0.44157582275654467 0.78194973646025223 0.86195914256863004 0.038423299659069585 0.15548113919093592 0.46612616685467972 0.81528707099249031 0.64143300907261047 0.72525915659094675 0.2990385692444581 0.3502668309961196 0.12375295429608162 0.002163125003709898 0.29575170735971418 0.86987173482564339 0.50906293015880144 0.14647784394764035 0.76708583941484987 0.36422760923626135 0.11876063629970827 0.87734238417952981 0.69260570805750954 0.061342444405060911 0.85292766203069759 0.75682029769032511 0.94911976661263042 0.44195320905326746 0.35478209484440065 0.95992128084597472 0.64889586606442107 0.064232653034776474 0.58571279830854273 0.59870657135532379 0.24324913181160351 0.9997923928811987 0.70299083693941922 0.25238145858835676 0.37513588284433236 0.72631864159159609 0.80145624299267326 0.099935926149905138 0.22041536536298395 0.47022649795479193 0.62397921120490218 0.75170184821887009 0.19767732106881858 0.064742365082351691 0.25848217646315735 0.55365489601740925 0.81544219455059963 0.85649805225636377 0.96624806399214314 0.13953810703676101 0.55321379026552842 0.68864031798221248 0.85148530408082579 0.21347375321190515 0.50559226017474812 0.13827666552776646 0.39353938117158266 0.89965470373867396 0.84764645191243793 0.11990865807283139 0.47653174042638929 0.62672279580446155 0.95475976187726574 0.13558566854327275 0.21108322830033838 0.33877493034623812 0.56587372049091655 0.46033346891354382 0.41569326786838384 0.91102061838882109 0.66716665591569002 0.55738831434566483 0.44023511026644652 0.60910555563627033 0.49652145859886915 0.93512495194696699 0.20514790278269429 0.1776274293901498 0.81618496462222356 0.85687764287231172 0.48442844238081534 0.59303423693191948 0.5633828164879171 0.60267937289751083 0.17437110337541922 0.0054150100493560059 0.3060393318269054 0.038818640295577952 0.32180686455213176 0.22435753717597312 0.51515805638900913 0.080098012975249697 0.63206383584816028 0.34731356549909492 0.097614490993528966 0.83783307475178437 0.24642495520212854 0.54871164012767626 0.64382052932427347 0.71965395088251061 0.16723845581187741 0.15086720075233823 0.18235882639150552 0.32224070113344555 0.8153392413485715 0.95396400569499495 0.79572690657614886 0.42161164132815138 0.92058666846327664 0.2287458636028819 0.77761293510593699 0.62425736542524468 0.90373102791135518 0.73455778713685671 0.17274956836707084 0.085028201507624843 0.9378342049655527 0.86150805369505978 0.40891407625073345 0.85340237623327764 0.32485874994833891 0.57036370098762212 0.20704013787216152 0.28952064433850561 0.18726461133124789 0.51685925826309509 0.79001417703883914 0.39120357649607035 0.19812704282208121 0.74976699164635729 0.95131732232084409 0.64015991235589143 0.91174535420387948 0.57732626315672242 0.26617574699270247 0.12342497730954809 0.28044827985612347 0.55075504615701998 0.62533957150635999 0.56144503416813318 0.31710713145493258 0.85701804363936174 0.66777726808442184 0.68891203024959824 0.7436253837776271 0.48575544823170008 0.61335633750649587 0.13873551462619621 0.71408747474228162 0.10483585684750989 0.87761920476685995 0.90737748357908243 0.43271900316693185 0.025945212109362115 0.59317956458255205 0.86403566975799584 0.23179744878298597 0.25976862435820552 0.5606511194034336 0.38295639348708638 0.49971545318317262 0.10750789550077226 0.35270437879326794 0.95632554407222348 0.92927349384542657 0.92858750918121979 0.28314791147104706 0.40949728789363865 0.25427111352152992 0.96342804915830949 0.41269730230507223 0.92835655172413456 0.98343850039283609 0.072437696969304619 0.26644627710180163 0.07676239747325235 0.53104384371171398 0.41308852326566486 0.6297814621765081 0.84905976201669042 0.817244299996429 0.63953858041198808 0.1704239418568681 0.056425286823476181 0.99045479138336479 0.83623747515643565 0.080894092924387137 0.98492481303032675 0.13734540773975606 0.41264803423663016 0.51486179050017222 0.2482194972811374 0.36149799749414319 0.28104399502292049 0.78187016900189976 0.028176089957041729 0.22722674001213278 0.29773215664953284 0.096146204847896419 0.5662717769459974 0.035861231269812263 0.025256100529694337 0.75414692731080835 0.56777913400738789 0.96034548674274722 0.88504084903154501 0.033090686922160703 0.79676982268547503 0.97197131095328249 0.2720919162206768 0.45964490021419652 0.12979770839709853 0.95079525370870033 0.59515637149297762 0.16810577194269277 0.45113630832928603 0.089697616897811236 0.10388088386791743 0.28493360189949329 0.80452667841259473 0.84495864590235081 0.7192992539153702 0.53509426167064711 0.183556757113782 0.7018876614331232 0.97709752287041862 0.16943566276024585 0.71071737454619566 0.78177389847367729 0.37553702647134385 0.7620865281491227 0.48465649309899111 0.41255281850414266 0.67232786724380489 0.54257689676696519 0.46634750749282078 0.20491131291005388 0.95352799443312675 0.43197844334498509 0.17025013973508846 0.81964537901198842 0.75442365272077683 0.14254516478349849 0.1601566004194937 0.098447528169864282 0.14720679548581667 0.36438728032986328 0.43889123608869635 0.23737141149570556 0.0032577433957830413 0.30722480626617593 0.32638705633239479 0.73861648283512493 0.63393598211780111 0.14729114449496766 0.69794541358388196 0.65639730887628034 0.41481087738052308 0.73155155454835752 0.12972465228525815 0.88782158422303736 0.035029693527799985 0.86052021064211992 0.049305269761712053 0.20507751045389638 0.93058196448432362 0.33870039795605272 0.82162070311183921 0.7703055589889457 0.79706678558143496 0.914432238530279 0.27823290492024405 0.32142993727390373 0.59940072094170127 0.24466671739942231 0.79125329372834852 0.77904807454705649 0.34657264258187331 0.47249106089274112 0.96984537314100505 0.1736055359745749 0.16345131743905589 0.96295152709696286 0.44884797851077646 0.76931078450182011 0.76102716910071688 0.85947804212077727


