1000 4965
0 43
0 133
0 136
0 288
0 524
0 535
0 740
0 878
0 902
1 24
1 89
1 206
1 214
1 324
1 374
1 385
1 411
1 497
1 516
1 617
1 736
1 966
2 5
2 39
2 80
2 119
2 311
2 469
2 472
2 475
2 545
2 562
2 601
2 652
2 666
2 740
2 794
2 802
2 852
2 927
2 943
3 62
3 144
3 264
3 326
3 442
4 5
4 25
4 79
4 271
4 548
4 826
5 40
5 43
5 614
5 625
5 771
5 820
5 845
5 859
5 874
5 991
6 60
6 98
6 132
6 250
6 370
6 372
6 410
6 459
6 464
6 495
6 498
6 680
6 729
6 880
6 925
7 29
7 38
7 81
7 122
7 130
7 323
7 360
7 364
7 455
7 569
7 572
7 579
7 628
7 738
7 772
7 889
7 932
8 238
8 270
8 357
8 471
8 614
8 618
8 648
8 758
8 861
8 875
8 950
8 999
9 14
9 83
9 130
9 144
9 183
9 222
9 373
9 404
9 745
9 749
9 864
9 943
9 956
10 11
10 185
10 227
10 300
10 337
10 393
10 611
10 742
10 816
10 913
11 62
11 85
11 290
11 291
11 513
11 749
11 761
11 938
11 968
12 39
12 104
12 474
12 588
12 625
12 716
12 993
13 165
13 202
13 236
13 237
13 271
13 553
13 893
13 924
14 189
14 288
14 367
14 387
14 457
14 470
14 670
14 759
14 895
14 918
15 345
15 485
15 789
15 823
15 894
16 69
16 573
16 740
16 742
16 815
16 860
16 924
16 990
17 133
17 239
17 316
17 581
17 619
17 675
17 842
17 861
17 948
18 142
18 250
18 309
18 361
18 426
18 552
18 561
18 587
18 677
18 734
18 831
18 872
18 920
18 921
18 955
19 118
19 284
19 306
19 374
19 418
19 420
19 563
20 124
20 133
20 172
20 271
20 304
20 367
20 584
20 662
20 954
21 116
21 351
21 386
21 500
21 575
21 678
21 733
21 820
21 944
21 989
22 79
22 178
22 261
22 416
22 456
22 924
22 954
22 966
22 982
23 110
23 284
23 316
23 580
23 609
23 675
23 712
23 748
23 899
23 974
23 975
24 37
24 74
24 147
24 329
24 332
24 462
24 474
24 525
24 569
24 738
24 767
24 780
24 984
25 55
25 238
25 275
25 451
25 560
25 700
25 785
25 807
25 945
26 311
26 476
26 738
26 756
26 780
26 984
27 73
27 149
27 214
27 222
27 410
27 421
27 509
27 568
27 719
28 253
28 346
28 456
28 517
28 726
28 773
28 789
28 831
28 975
29 60
29 214
29 273
29 365
29 398
29 405
29 486
29 488
29 510
29 523
29 821
30 171
30 479
30 508
30 525
30 656
31 45
31 121
31 397
31 507
31 510
31 514
32 56
32 86
32 237
32 282
32 445
32 451
32 454
32 544
32 558
32 692
32 705
32 770
32 858
33 54
33 89
33 370
33 555
33 658
33 695
33 886
33 901
33 930
33 966
33 989
34 146
34 228
34 290
34 315
34 443
34 561
34 626
34 759
34 798
35 142
35 144
35 305
35 444
35 487
35 494
35 600
35 753
35 820
35 953
35 986
35 993
36 37
36 64
36 296
36 445
36 459
36 461
36 825
37 55
37 310
37 483
37 521
37 559
37 612
37 623
37 731
37 828
37 876
37 950
38 56
38 282
38 491
38 642
38 695
38 773
38 839
38 866
38 919
38 947
39 48
39 424
39 457
39 469
39 531
39 549
39 602
39 655
40 80
40 172
40 485
40 538
40 566
40 611
40 697
40 728
40 748
40 750
40 795
40 940
40 974
41 70
41 142
41 160
41 218
41 396
41 398
41 471
41 486
41 510
41 554
41 588
41 597
41 613
41 729
41 771
41 809
41 816
41 879
42 253
42 262
42 283
42 294
42 339
42 579
42 618
42 620
42 642
42 647
42 649
42 669
42 741
42 828
42 900
42 928
43 141
43 163
43 309
43 371
43 489
43 541
43 566
43 609
43 702
43 739
43 754
44 314
44 411
44 427
44 450
44 625
44 636
45 84
45 170
45 233
45 277
45 418
45 470
45 606
45 841
45 938
45 975
46 96
46 115
46 476
46 503
46 556
47 60
47 111
47 219
47 232
47 257
47 276
47 299
47 648
47 795
47 825
47 844
47 936
48 95
48 212
48 250
48 255
48 277
48 376
48 382
48 394
48 397
48 483
48 539
48 589
48 713
48 733
48 847
48 947
49 102
49 104
49 132
49 207
49 277
49 522
49 537
49 586
49 816
49 875
49 977
49 989
50 303
50 479
50 548
50 654
50 671
50 697
50 699
50 701
50 892
50 919
50 950
51 92
51 201
51 306
51 439
51 535
51 568
51 941
52 88
52 374
52 460
52 573
52 624
52 699
52 720
52 780
52 794
52 820
52 981
53 278
53 282
53 390
53 412
53 463
53 476
53 491
53 539
53 858
53 875
54 344
54 370
54 389
54 464
54 488
54 500
54 649
54 885
55 122
55 219
55 222
55 285
55 480
55 484
55 587
55 707
55 777
55 851
55 903
55 960
55 977
56 223
56 229
56 267
56 289
56 328
56 477
56 507
56 640
56 757
56 785
56 823
56 838
56 842
56 844
56 858
56 975
57 61
57 238
57 432
57 449
57 663
57 933
58 193
58 207
58 240
58 386
58 416
58 509
58 703
58 847
58 966
59 78
59 312
59 325
59 382
59 653
59 708
59 949
59 967
60 252
60 285
60 447
60 463
60 516
60 588
60 625
60 827
61 305
61 493
61 524
61 809
61 812
61 915
61 966
62 84
62 115
62 185
62 291
62 412
62 551
62 702
62 814
63 212
63 367
63 376
63 428
63 495
63 504
63 548
63 633
63 678
63 688
63 704
63 939
64 198
64 310
64 311
64 356
64 385
64 450
64 477
64 668
64 683
64 716
64 731
64 741
64 848
64 878
65 184
65 226
65 227
65 301
65 393
65 627
65 708
65 789
65 795
65 817
65 877
65 892
65 970
65 984
66 310
66 398
66 489
66 564
66 569
66 669
66 829
66 976
67 252
67 296
67 485
67 768
67 801
67 821
67 938
67 953
68 82
68 130
68 158
68 300
68 324
68 382
68 407
68 524
68 643
68 821
68 944
69 76
69 108
69 110
69 234
69 475
69 498
69 541
69 625
69 699
69 763
69 810
69 833
70 183
70 291
70 592
70 797
71 133
71 220
71 295
71 331
71 615
71 810
72 76
72 103
72 323
72 331
72 402
72 718
72 732
72 733
72 757
72 878
72 885
72 909
72 996
73 83
73 118
73 123
73 161
73 434
73 468
73 472
73 743
73 957
74 77
74 282
74 324
74 440
74 980
74 998
75 165
75 318
75 525
75 542
75 564
75 677
75 711
75 784
75 790
75 811
75 855
75 979
76 100
76 289
76 301
76 502
76 613
76 690
76 921
76 960
77 91
77 321
77 405
77 429
77 800
77 802
77 850
77 955
78 104
78 170
78 250
78 271
78 488
78 518
78 532
78 568
78 761
78 928
78 985
79 94
79 240
79 361
79 376
79 534
79 560
79 590
79 618
79 692
79 694
79 726
79 766
79 787
79 833
79 980
80 125
80 141
80 521
80 605
80 609
80 680
80 807
80 820
80 844
80 849
80 978
81 117
81 133
81 248
81 310
81 429
81 494
81 628
81 831
81 927
82 311
82 336
82 654
82 755
82 965
83 341
83 418
83 548
83 713
83 792
83 828
83 882
83 924
83 974
84 125
84 187
84 351
84 787
84 798
84 845
84 891
84 951
85 133
85 141
85 160
85 217
85 224
85 254
85 559
85 576
85 622
85 674
85 812
85 888
86 337
86 539
86 560
86 689
86 717
86 728
87 121
87 204
87 221
87 228
87 324
87 326
87 419
87 448
87 561
87 631
87 777
87 816
87 874
87 896
87 972
87 995
88 343
88 446
88 584
88 640
88 677
88 731
88 789
89 93
89 150
89 174
89 297
89 307
89 419
89 566
89 814
90 294
90 455
90 562
90 742
90 957
91 98
91 311
91 325
91 366
91 376
91 490
91 911
92 124
92 160
92 192
92 221
92 559
92 652
92 679
92 681
92 691
93 259
93 290
93 363
93 411
93 670
93 696
93 713
93 940
93 965
93 979
94 158
94 308
94 346
94 361
94 393
94 505
94 518
94 536
94 538
94 713
94 714
94 935
94 981
95 187
95 193
95 305
95 483
95 569
95 632
95 734
95 739
95 867
95 965
96 142
96 168
96 217
96 250
96 294
96 391
96 409
96 438
96 445
96 789
96 847
97 291
97 321
97 374
97 532
97 616
97 665
97 684
97 770
97 775
97 814
97 901
98 140
98 145
98 209
98 282
98 393
98 461
98 572
98 583
98 723
98 726
98 876
98 921
98 946
99 251
99 268
99 627
99 792
99 925
100 112
100 163
100 255
100 272
100 288
100 300
100 393
100 416
100 433
100 582
100 719
100 757
100 871
100 878
100 959
101 115
101 144
101 165
101 502
101 524
101 686
101 715
101 744
101 801
101 866
101 904
102 140
102 461
102 548
102 595
102 861
102 896
102 902
102 991
103 164
103 183
103 187
103 269
103 286
103 403
103 511
103 903
103 961
103 967
103 995
104 247
104 259
104 572
104 911
105 391
105 435
105 517
106 134
106 142
106 155
106 589
106 706
107 434
107 574
107 663
107 668
107 926
108 191
108 295
108 492
108 495
108 625
108 799
108 915
109 202
109 230
109 240
109 288
109 334
109 606
109 616
109 626
109 683
109 761
109 826
109 983
110 120
110 223
110 397
110 474
110 498
110 511
110 549
110 573
110 598
110 761
110 775
110 776
110 827
110 877
110 923
111 167
111 195
111 208
111 290
111 295
111 547
111 689
111 732
112 427
112 430
112 760
112 803
112 830
112 994
113 540
113 557
113 562
113 674
113 795
113 868
113 924
113 929
113 981
114 218
114 427
114 438
114 630
114 686
114 701
114 914
115 189
115 197
115 207
115 355
115 364
115 419
115 430
115 480
115 575
115 727
115 826
115 902
115 970
116 134
116 138
116 157
116 267
116 328
116 388
116 488
116 530
116 682
116 796
116 860
116 965
117 350
117 353
117 381
117 482
117 506
117 750
117 768
117 891
118 159
118 248
118 383
118 396
118 467
118 508
118 649
118 710
118 938
119 139
119 189
119 196
119 277
119 317
119 350
119 630
119 660
119 675
119 693
119 791
119 803
120 190
120 273
120 402
120 533
120 614
120 628
120 744
120 868
120 872
120 951
120 970
120 987
120 996
121 178
121 199
121 203
121 339
121 374
121 562
121 775
121 821
121 893
121 932
121 935
121 944
121 988
122 346
122 518
122 555
122 583
122 630
122 871
122 988
123 189
123 201
123 267
123 359
123 429
123 506
123 528
123 654
123 712
123 735
123 768
123 773
123 794
123 840
123 986
124 284
124 290
124 301
124 446
124 759
124 781
125 201
125 905
125 907
126 269
126 337
126 400
126 582
126 725
126 764
126 871
126 928
126 990
127 745
127 800
127 850
128 173
128 610
128 686
128 718
128 833
128 910
128 920
129 211
129 216
129 256
129 295
129 343
129 434
129 435
129 470
129 622
129 713
129 769
129 886
130 398
130 734
130 907
131 407
131 457
131 610
131 733
131 762
131 957
131 983
132 133
132 300
132 390
132 423
132 524
132 587
132 637
132 793
132 801
132 837
132 930
132 932
132 958
132 979
133 230
133 323
133 418
133 465
133 753
133 782
133 783
133 825
133 851
133 885
134 188
134 212
134 270
134 277
134 282
134 503
134 530
134 650
134 697
135 175
135 184
135 222
135 264
135 420
135 438
135 539
135 567
135 692
135 796
135 872
135 885
135 888
135 903
135 905
135 925
136 170
136 190
136 702
136 757
137 312
137 339
137 525
137 531
137 692
137 727
137 816
137 869
138 159
138 162
138 173
138 243
138 245
138 405
138 437
138 475
138 516
138 526
138 619
139 219
139 442
139 542
139 617
139 685
139 775
139 930
140 156
140 420
140 507
140 753
140 773
140 808
140 860
140 939
140 961
140 972
141 425
141 640
141 673
141 852
141 916
142 279
142 284
142 438
142 502
142 641
142 658
142 669
142 722
143 541
143 559
143 923
143 937
144 185
144 254
144 321
144 436
144 487
144 587
144 763
144 809
144 850
144 944
145 194
145 278
145 518
145 545
145 578
145 581
145 745
145 814
146 183
146 187
146 221
146 311
146 459
146 495
146 566
146 635
146 792
146 852
146 992
147 218
147 293
147 314
147 496
147 511
147 940
147 956
148 196
148 333
148 423
148 731
149 220
149 404
149 426
149 444
149 542
149 549
149 574
149 584
149 827
149 906
149 993
150 514
150 724
150 957
151 251
151 297
151 447
151 479
151 485
151 986
152 378
152 489
152 551
152 562
152 640
152 674
152 697
152 780
152 815
152 842
152 857
152 896
153 215
153 302
153 353
153 580
153 581
153 796
153 820
153 876
153 957
154 226
154 297
154 639
154 899
155 573
155 699
155 759
155 973
156 455
156 497
156 725
156 958
157 272
157 280
157 535
157 641
157 806
157 847
157 921
157 922
158 209
158 249
158 348
158 487
158 612
158 770
158 856
159 312
159 320
159 488
159 525
159 669
159 810
159 898
159 903
160 185
160 288
160 334
160 335
160 472
160 486
160 522
160 532
160 559
160 577
160 580
160 677
160 816
160 903
160 939
161 219
161 226
161 351
161 394
161 479
161 607
161 736
162 232
162 427
162 449
162 721
163 287
163 834
163 890
164 254
164 315
164 598
164 673
164 723
164 859
164 882
164 896
165 369
165 500
165 511
165 521
165 589
165 814
165 822
165 823
166 290
166 377
166 445
166 488
166 647
166 721
166 844
167 231
167 270
167 291
167 317
167 405
167 846
167 902
168 240
168 243
168 454
168 458
169 179
169 196
169 833
170 220
170 416
170 676
170 727
170 811
171 173
171 258
171 294
171 350
171 435
171 659
171 705
171 899
171 919
171 940
172 173
172 406
172 429
172 477
172 716
172 743
172 843
172 969
173 238
173 333
173 399
173 687
173 704
173 752
173 903
174 212
174 360
174 382
174 401
174 421
174 670
174 702
174 873
174 897
175 258
175 339
175 379
175 415
175 467
175 549
175 596
175 727
175 772
175 878
175 973
176 213
176 474
176 678
176 768
176 806
177 319
177 546
177 649
177 704
178 189
178 245
178 305
178 334
178 745
178 914
179 274
179 364
179 454
179 455
179 477
179 518
179 594
179 679
179 699
179 726
179 808
180 316
180 422
180 536
180 552
180 628
180 645
180 812
181 261
181 286
181 433
181 487
181 599
181 639
181 645
181 834
181 955
182 422
182 437
182 479
182 526
182 685
182 708
182 983
183 259
183 444
183 710
183 714
184 512
184 740
184 791
184 829
184 957
185 410
185 444
185 570
185 719
185 934
185 947
186 214
186 299
186 312
186 333
186 359
186 449
186 661
186 663
186 679
186 682
186 702
186 777
186 884
187 349
187 569
187 715
187 864
187 907
187 910
188 271
188 454
188 577
188 761
188 804
188 838
189 324
189 346
189 549
189 727
189 745
190 234
190 278
190 551
190 621
190 702
191 220
191 382
191 506
191 573
191 614
192 193
192 692
192 722
192 855
192 898
192 941
193 281
193 393
193 415
193 485
193 488
193 705
193 737
193 857
193 895
194 201
194 213
194 297
194 356
194 365
194 402
194 494
194 495
194 697
194 726
194 746
194 751
194 782
195 260
195 275
195 542
195 563
195 701
195 707
195 724
195 751
195 771
196 226
196 339
196 457
196 652
196 780
196 870
196 883
197 206
197 380
197 479
197 621
197 648
197 649
197 756
197 777
197 807
197 923
198 213
198 234
198 243
198 436
198 445
198 463
198 512
198 572
198 585
198 607
198 642
198 686
198 701
198 934
199 304
199 580
199 611
199 719
199 839
199 936
199 970
200 344
200 832
200 852
200 976
201 267
201 405
201 450
201 710
201 838
202 390
202 517
202 636
202 716
202 752
202 771
202 812
202 820
202 916
202 985
203 391
203 465
203 501
203 542
203 558
203 780
203 854
204 207
204 353
204 388
204 395
204 410
204 582
204 935
205 303
205 374
205 461
205 868
205 956
206 462
206 671
206 776
206 782
206 797
206 860
206 909
206 970
207 217
207 233
207 545
207 554
207 592
207 628
207 673
207 746
207 893
207 930
207 967
208 391
208 441
208 766
208 776
208 858
208 899
209 340
209 342
209 509
209 682
209 802
209 832
210 240
210 332
210 479
210 550
210 562
210 577
210 705
210 841
210 928
211 544
211 551
211 653
211 693
211 726
211 744
211 921
212 270
212 808
212 854
212 958
213 240
213 289
213 325
213 461
213 473
213 502
213 677
213 722
213 789
213 841
213 919
214 386
214 410
214 478
214 525
214 653
214 742
214 780
215 364
215 478
215 484
215 590
215 632
215 787
215 887
216 386
216 435
216 471
216 477
216 481
216 562
216 574
216 710
216 779
216 841
216 888
217 268
217 486
217 644
217 653
217 756
217 861
217 994
218 246
218 422
218 474
218 832
218 893
218 992
219 265
219 523
219 557
219 566
219 712
220 522
220 562
220 716
220 725
220 939
220 963
221 261
221 446
221 457
221 640
222 282
222 544
222 546
222 577
222 622
222 645
222 698
222 746
222 790
222 873
222 908
223 231
223 273
223 332
223 368
223 383
223 765
223 770
223 893
224 657
224 681
224 724
224 743
224 769
224 807
224 911
224 985
225 291
225 357
225 547
225 680
225 701
225 755
225 800
225 852
225 937
226 296
226 337
226 547
227 316
227 361
227 621
227 835
227 862
227 942
227 984
228 231
228 282
228 361
228 482
228 584
228 593
228 845
228 870
228 909
228 969
228 995
229 230
229 361
229 634
229 668
229 875
230 250
230 321
230 351
230 382
230 392
230 507
230 638
230 688
231 324
231 374
231 403
231 457
231 631
231 743
231 887
231 908
231 956
232 303
232 315
232 601
232 647
232 929
232 978
233 288
233 299
233 429
233 511
233 567
233 681
233 851
234 336
234 340
234 363
234 411
234 450
234 452
234 711
234 775
234 827
235 311
235 376
235 446
235 510
235 544
235 741
236 268
236 362
236 607
236 758
236 835
236 880
236 921
236 926
236 994
237 337
237 414
237 422
237 460
237 630
237 838
238 539
238 841
239 344
239 769
239 778
239 888
239 973
240 481
240 483
240 529
240 604
240 628
240 738
240 877
241 266
241 340
241 341
241 439
241 468
241 667
241 686
242 263
242 271
242 289
242 368
242 426
242 509
242 739
242 940
242 953
243 389
243 520
243 547
243 549
243 557
243 611
243 700
243 870
243 879
244 250
244 278
244 286
244 490
244 643
244 657
244 745
244 756
244 807
244 958
245 602
245 931
245 939
245 984
245 985
246 452
246 540
246 549
246 589
246 597
246 821
246 910
247 356
247 361
247 380
247 607
247 661
247 844
248 270
248 375
248 456
248 540
248 774
248 944
249 273
249 280
249 424
249 445
249 449
249 975
250 302
250 675
250 853
250 871
250 883
251 390
251 423
251 472
251 587
251 742
251 768
251 904
251 930
252 290
252 670
252 886
252 901
253 275
253 321
253 419
253 422
253 435
253 486
253 497
253 583
253 643
253 676
253 726
253 870
253 928
253 932
254 344
254 349
254 352
254 489
254 693
254 797
254 866
254 867
254 935
255 306
255 370
255 634
255 862
255 990
256 278
256 294
256 566
256 717
256 727
256 865
256 910
256 948
257 281
257 591
258 271
258 303
258 407
258 451
258 611
258 653
258 696
258 814
258 838
258 884
258 964
259 366
259 498
259 869
259 882
259 897
259 959
260 587
260 590
260 779
260 823
260 894
260 905
261 265
261 334
261 377
261 399
261 636
261 744
261 884
261 903
261 967
262 490
262 641
262 683
262 759
262 815
262 867
262 868
263 421
263 470
263 617
263 649
263 692
263 710
263 753
263 849
263 884
264 353
264 465
264 521
264 563
264 589
264 637
264 754
264 793
264 855
264 883
264 892
265 309
265 428
265 491
265 743
265 762
266 286
266 362
266 535
266 553
266 615
266 793
266 822
266 856
266 912
266 919
267 269
267 453
267 635
267 863
267 892
267 898
267 928
268 271
268 306
268 327
268 332
268 533
268 584
268 703
268 753
268 772
268 794
268 857
268 864
268 944
269 324
269 448
269 644
270 407
270 550
270 570
270 572
270 574
270 635
270 683
270 701
270 733
270 765
270 785
270 862
270 931
270 969
271 370
271 462
271 490
271 559
271 654
272 302
272 515
272 539
272 585
272 634
272 903
273 278
273 429
273 534
273 736
274 322
274 370
274 569
274 792
274 826
274 848
274 940
275 560
275 660
275 703
275 776
275 869
276 289
276 367
276 401
276 503
276 538
276 716
277 678
277 726
277 878
277 909
278 305
278 458
278 753
278 762
278 827
278 848
278 924
279 588
279 704
280 371
280 466
280 474
280 597
280 658
280 720
280 793
280 913
280 939
281 417
281 454
281 790
281 838
281 909
281 983
282 358
282 397
282 517
282 590
282 612
282 633
282 695
282 783
282 996
283 491
283 840
283 857
283 954
284 542
285 355
285 403
285 428
285 635
285 652
285 655
285 663
285 748
285 907
285 955
285 964
286 378
286 409
286 650
286 692
286 724
286 735
286 759
287 288
287 312
287 682
287 706
287 792
287 823
287 861
287 958
288 292
288 440
288 661
288 767
288 827
288 956
289 333
289 339
289 420
289 505
289 550
289 607
289 699
289 891
290 474
290 511
290 710
290 754
290 931
291 347
291 376
291 418
291 430
291 585
291 708
291 764
291 952
292 357
292 525
292 613
292 684
292 902
292 968
293 582
293 714
293 779
293 904
293 916
293 923
293 971
294 400
294 596
294 628
294 804
294 813
294 955
295 438
295 470
295 522
295 565
295 767
295 840
295 970
296 355
296 509
296 602
296 725
296 782
296 788
296 812
297 310
297 319
297 404
297 481
297 816
298 315
298 319
298 409
298 448
298 624
298 646
298 695
298 697
298 784
298 862
298 935
299 321
299 421
299 509
299 571
299 624
299 775
299 921
300 349
300 444
300 454
300 464
300 471
300 614
300 629
300 820
300 894
300 913
300 939
300 953
300 960
301 305
301 413
301 530
301 633
301 667
301 679
301 788
301 830
301 841
301 907
301 956
302 389
302 584
302 703
302 707
302 830
303 308
303 424
303 448
303 451
303 532
303 539
303 563
303 621
303 681
303 708
303 887
303 963
303 991
304 508
304 527
304 951
304 992
305 497
305 573
305 593
305 727
305 751
305 773
305 845
305 882
305 957
305 993
306 308
306 732
306 771
306 936
306 953
307 454
307 499
307 552
307 627
307 644
307 776
307 793
307 942
308 311
308 387
308 413
308 571
308 651
308 873
308 964
309 509
309 523
309 578
309 766
309 804
309 812
309 882
310 356
310 366
310 372
310 583
310 749
310 807
310 813
310 933
311 433
311 446
311 462
311 640
311 669
311 758
311 829
311 846
311 981
312 326
312 519
312 742
312 821
312 918
313 333
313 358
313 505
313 605
313 788
313 943
314 625
314 704
314 763
314 883
315 438
315 666
315 714
315 724
315 836
315 923
315 930
315 962
316 319
316 414
316 462
316 517
316 816
316 849
316 889
316 936
316 987
317 388
317 420
317 584
317 641
317 864
317 867
317 912
318 391
318 479
318 639
318 851
319 407
319 419
319 471
319 478
319 504
319 615
319 664
319 867
319 917
319 937
320 495
320 568
320 624
320 930
320 969
321 568
321 765
321 954
321 976
322 360
322 371
322 453
322 503
322 524
322 546
322 632
322 651
322 683
322 840
322 858
322 877
322 951
323 354
323 398
323 410
323 460
323 537
323 550
323 728
323 743
323 811
323 886
324 377
324 435
324 470
324 570
324 726
324 901
325 446
325 448
325 504
325 519
325 829
325 845
325 959
326 350
326 379
326 431
326 480
326 490
326 637
326 644
326 898
326 995
327 387
327 432
327 742
327 811
327 896
327 935
327 952
328 402
328 945
328 984
329 353
329 466
329 487
329 493
329 715
329 769
330 344
330 436
330 510
330 802
330 817
330 900
331 393
331 419
331 472
331 593
331 605
331 607
331 676
331 809
331 921
331 938
332 375
332 431
332 797
332 883
333 386
333 470
333 503
333 569
333 649
333 765
334 410
334 595
334 663
334 737
334 830
334 897
334 911
334 993
334 997
335 368
335 380
335 418
335 427
335 731
335 870
335 888
336 548
336 663
336 693
337 356
337 482
338 385
338 498
339 654
339 680
339 842
339 853
339 856
339 863
339 871
340 445
340 468
340 582
341 380
341 480
341 565
341 944
341 953
341 999
342 347
342 436
342 580
342 597
342 672
342 711
342 713
342 867
342 910
342 920
343 373
343 392
343 458
343 547
343 581
343 612
343 636
343 697
343 846
343 896
343 901
344 349
344 796
344 980
345 557
345 681
345 754
345 805
345 859
345 933
345 960
345 993
346 539
346 545
346 692
346 701
346 915
346 953
346 958
346 964
347 412
347 500
347 548
347 667
347 725
347 845
347 888
347 917
347 919
347 992
348 406
348 424
348 440
348 513
348 522
348 673
348 767
348 839
348 964
348 985
349 371
349 444
349 989
350 741
350 789
350 811
350 816
350 911
351 522
351 543
351 596
351 687
351 938
351 968
351 973
352 430
352 461
352 484
352 583
352 591
352 678
352 877
352 887
352 918
352 929
352 938
353 403
353 443
353 569
353 868
354 819
354 972
355 418
355 629
355 720
355 743
355 778
355 779
355 898
356 471
356 502
356 512
356 559
356 628
356 879
356 887
356 956
357 362
357 376
357 407
357 510
357 546
357 684
357 732
357 754
357 868
358 400
358 640
358 689
358 771
358 805
358 969
359 364
359 548
359 737
359 752
359 768
360 388
360 453
360 618
360 634
360 635
360 676
360 868
360 951
360 962
361 494
361 534
361 564
361 655
361 704
361 707
361 735
361 766
361 833
362 458
362 480
362 525
362 529
362 635
362 720
362 763
362 980
362 981
363 382
363 595
363 645
363 680
363 756
363 802
363 966
363 973
364 427
364 446
364 456
364 610
364 662
364 689
364 760
364 786
364 976
365 545
365 659
365 919
365 973
365 984
365 995
366 399
366 448
366 489
366 632
366 687
366 713
366 720
367 720
367 825
367 864
367 880
367 890
368 506
368 700
368 701
368 736
368 822
368 840
368 878
368 893
368 914
368 948
369 452
369 475
369 648
369 669
369 695
369 896
370 703
370 731
370 772
370 802
370 939
371 382
371 417
371 514
371 586
371 690
371 696
371 885
371 957
371 989
372 384
372 524
372 529
372 534
372 563
372 613
372 721
372 757
372 761
372 856
372 925
373 474
373 794
373 834
373 997
374 378
374 413
374 805
374 856
374 876
374 891
374 936
375 396
375 486
375 561
375 735
376 451
376 470
376 595
376 759
376 797
376 832
376 844
376 871
376 892
376 941
377 415
377 553
377 648
377 743
377 782
377 904
377 906
378 454
378 520
378 523
378 610
378 775
378 885
378 918
378 966
379 411
379 470
379 485
379 960
380 501
380 571
380 677
381 423
381 438
381 462
381 528
381 656
381 670
381 821
381 907
381 937
382 403
382 445
382 645
382 692
382 929
383 442
383 447
383 461
383 649
383 658
383 904
383 905
384 466
384 501
384 616
384 793
384 828
384 874
385 523
385 642
385 700
385 808
385 957
386 546
386 572
386 712
386 779
386 887
386 906
386 948
386 982
387 398
387 458
387 499
387 507
387 583
387 706
387 740
387 849
387 919
387 931
387 963
387 985
388 476
388 625
388 665
388 681
388 882
388 950
389 397
389 432
389 590
389 736
389 824
389 850
389 875
389 921
390 421
390 438
390 506
390 597
390 619
390 802
390 884
390 980
391 523
391 596
391 773
391 878
392 539
392 662
392 750
392 820
392 902
392 912
392 946
393 400
393 443
393 480
393 669
393 723
393 743
393 878
394 514
394 541
394 813
394 837
394 857
394 973
394 981
394 986
395 645
395 884
396 401
396 408
396 536
396 656
396 657
396 697
396 831
396 889
397 463
397 490
397 507
397 758
397 894
397 931
398 439
398 472
398 556
398 766
399 475
399 488
399 625
399 634
399 672
399 827
399 899
400 418
400 694
400 724
400 789
400 849
400 904
400 961
400 964
401 435
401 463
401 473
401 593
401 685
401 717
401 810
401 879
402 473
402 522
402 557
402 702
402 850
402 884
402 920
402 927
403 421
403 440
403 617
403 732
403 764
403 812
403 879
403 941
403 982
403 993
404 417
404 499
404 522
404 651
404 744
404 920
404 975
405 796
405 869
405 871
405 939
405 963
406 655
406 713
406 911
406 927
406 979
407 602
407 761
407 834
407 899
408 746
408 808
408 997
409 469
409 488
409 510
409 590
409 594
409 695
409 765
409 812
409 946
409 971
410 543
410 562
410 600
410 664
410 671
410 747
410 787
410 961
410 977
410 999
411 707
411 805
411 906
412 506
412 602
412 609
412 669
412 706
412 744
412 750
412 890
412 934
413 424
413 510
413 661
413 760
413 834
413 837
414 445
414 450
414 459
414 641
414 688
414 801
414 993
415 749
415 909
416 485
416 626
416 828
416 911
416 940
417 428
417 433
417 629
417 755
417 806
417 952
417 993
418 479
418 483
418 884
418 975
419 428
419 475
419 575
419 743
419 788
420 474
420 491
420 587
420 591
420 642
420 700
420 758
420 840
420 927
421 604
421 844
421 921
421 986
422 448
422 582
422 847
422 992
423 536
423 539
423 543
423 564
423 567
423 714
423 766
423 852
423 927
423 952
424 440
424 457
424 809
424 892
425 531
425 671
425 767
425 781
426 582
426 704
427 697
427 907
427 927
428 498
428 616
428 666
428 795
429 489
429 500
429 561
429 645
429 650
429 698
429 708
429 793
429 868
429 936
430 624
430 653
430 695
430 716
431 500
431 522
431 533
431 548
431 549
431 570
431 621
431 736
431 869
432 439
432 449
432 513
433 466
433 473
433 625
433 734
433 799
433 960
433 983
434 493
434 729
434 732
434 773
434 869
434 890
434 911
434 962
434 981
435 543
435 587
435 677
435 796
435 850
435 872
435 965
436 458
436 586
436 603
436 662
436 679
436 760
436 912
436 922
437 485
437 579
437 635
437 734
437 743
437 779
437 797
437 835
437 975
437 983
438 599
438 624
438 708
438 871
438 882
438 935
438 937
439 513
439 600
439 746
439 802
439 876
439 993
440 498
440 539
440 627
440 634
440 922
441 446
441 529
441 657
441 668
441 685
441 747
441 791
441 819
441 944
441 973
442 644
442 648
442 703
442 827
442 995
443 461
443 512
443 782
443 858
443 927
443 997
444 475
444 506
444 777
444 788
444 995
445 563
445 568
445 587
445 798
445 810
446 451
446 660
446 764
446 874
447 465
447 515
447 827
447 859
447 883
447 914
447 993
448 608
448 615
448 640
448 684
448 860
448 922
448 943
449 487
449 625
449 714
449 845
449 866
450 539
450 620
450 645
450 769
450 961
451 588
451 777
451 779
451 874
451 992
452 511
452 647
452 718
452 765
452 810
452 826
452 879
452 892
452 898
453 660
453 789
453 813
454 520
454 559
454 612
454 624
454 784
455 532
455 572
455 684
455 714
455 723
455 864
455 871
456 681
456 720
456 772
456 775
456 834
456 945
457 607
457 618
457 677
457 696
457 788
457 946
458 663
458 673
458 689
458 784
458 853
458 899
458 948
459 607
459 612
459 787
459 959
459 976
459 978
460 522
460 548
460 637
460 852
460 940
460 985
460 995
461 466
461 497
461 543
461 642
461 699
461 711
461 777
461 864
462 517
462 519
462 617
462 642
462 678
462 751
462 829
462 880
462 891
463 572
463 614
463 638
463 714
463 951
463 959
464 742
464 768
464 805
464 936
465 594
465 849
465 953
465 984
465 995
466 484
466 609
466 676
466 699
467 639
467 746
467 749
467 885
467 957
468 569
468 621
468 636
469 556
469 709
469 720
469 770
469 782
469 849
469 998
470 745
470 790
470 962
471 913
472 515
472 537
472 629
472 709
472 711
472 952
473 523
473 714
473 823
474 476
474 519
474 525
474 570
474 662
474 803
475 522
475 531
475 632
475 696
476 678
476 772
476 807
476 848
476 858
476 974
477 784
477 790
477 791
477 966
478 486
478 521
478 561
478 563
478 578
479 524
479 527
479 596
479 796
480 647
480 660
480 702
480 713
480 831
480 846
480 965
480 967
481 552
481 713
481 872
481 884
481 966
481 969
482 537
482 566
482 573
482 585
482 591
482 886
482 927
483 501
483 567
483 617
483 688
483 716
483 797
484 509
484 577
484 629
484 633
484 726
485 498
485 584
485 612
485 760
486 488
486 579
486 590
486 704
486 767
487 697
487 748
487 814
487 822
487 933
487 995
488 497
488 576
488 592
488 677
488 683
488 747
488 759
488 776
488 797
488 852
488 906
489 562
489 574
489 618
489 642
489 826
489 834
489 860
490 618
490 729
490 934
491 512
491 521
491 529
491 557
491 588
492 551
492 646
493 579
493 620
493 756
493 867
493 911
494 921
496 656
496 756
496 774
497 535
497 589
497 593
497 807
498 816
498 902
499 561
499 602
499 737
499 745
499 811
499 827
499 874
499 972
499 989
500 671
500 747
500 861
501 627
501 666
501 903
501 906
502 538
502 621
502 838
502 869
502 890
503 572
503 606
503 623
503 675
503 809
503 812
504 551
504 566
504 604
504 663
504 687
504 913
504 985
505 533
505 807
505 859
505 991
506 514
506 537
506 745
506 869
507 539
507 645
507 731
507 874
507 971
508 550
508 559
508 729
509 640
509 736
510 553
510 558
510 718
510 742
510 767
510 902
511 530
511 576
511 587
511 721
511 824
512 514
512 756
512 856
512 979
513 515
513 536
513 681
513 737
513 751
513 795
513 822
513 834
514 524
514 534
514 654
514 748
514 868
514 921
515 589
515 802
515 914
515 931
516 638
516 755
516 794
516 881
516 910
517 910
517 933
517 960
518 627
518 855
519 624
519 683
519 696
519 945
519 976
520 728
520 882
521 610
521 692
521 856
522 525
522 548
522 564
522 686
522 772
522 931
522 972
523 575
523 582
523 686
524 674
524 771
524 799
524 946
525 637
525 699
525 770
525 826
525 875
525 995
526 549
526 556
526 610
527 562
527 642
527 662
527 785
527 806
528 574
528 675
528 695
528 780
528 986
529 625
529 631
529 865
530 531
530 717
530 781
530 788
530 795
530 853
530 971
531 659
531 905
531 921
531 999
532 740
532 843
532 872
533 643
533 849
533 886
534 735
534 828
534 841
534 847
535 636
535 674
535 876
535 941
536 684
536 698
536 844
536 965
537 538
537 726
537 935
538 661
538 688
538 755
538 803
538 884
538 929
538 936
538 965
539 631
539 704
539 907
539 923
539 984
540 687
540 691
540 775
540 942
541 706
541 762
541 859
541 948
541 967
541 979
541 999
542 566
542 603
542 648
542 789
542 941
543 688
544 700
544 753
544 756
544 809
544 995
545 706
545 736
545 855
545 921
546 624
546 653
546 710
547 559
547 570
547 649
547 730
547 763
547 777
547 869
547 884
547 896
547 959
548 772
548 896
549 564
549 601
549 800
549 809
549 832
549 837
549 963
550 585
550 688
550 746
550 820
550 926
551 626
551 629
551 694
551 838
552 580
552 891
552 896
553 777
553 813
553 836
553 918
553 972
554 577
554 683
554 741
554 770
554 798
554 911
554 964
554 974
555 566
555 569
555 822
555 898
556 723
557 711
557 805
557 825
557 953
558 769
558 799
558 846
558 987
559 760
559 787
559 833
559 870
559 960
560 570
560 682
560 686
560 790
560 811
560 907
561 669
561 864
561 948
562 635
562 718
562 843
562 850
562 930
563 705
563 735
563 781
563 904
563 977
564 582
564 611
564 858
565 617
565 689
565 718
565 839
565 860
565 890
565 931
566 658
566 891
567 684
567 701
567 893
568 604
568 611
568 641
568 731
568 764
569 570
569 616
569 811
569 838
569 862
569 914
570 605
570 679
570 788
570 792
570 913
571 662
571 937
572 585
572 735
572 783
572 968
572 973
573 681
573 746
573 923
574 690
574 705
574 724
574 734
574 788
574 869
575 621
575 634
575 752
575 946
576 657
576 934
577 823
577 934
578 743
578 788
578 852
578 887
578 918
579 680
579 692
579 739
579 781
579 874
580 617
581 716
581 717
581 818
581 887
581 924
582 592
582 681
582 792
582 805
582 988
583 659
583 715
583 937
584 627
584 780
584 817
584 825
584 848
585 631
585 734
585 751
585 817
585 921
585 962
586 613
586 742
586 886
587 611
587 698
587 710
587 751
587 779
588 742
588 811
588 864
588 983
589 662
589 674
589 724
589 799
589 960
590 659
590 747
590 794
590 921
590 962
591 632
591 807
591 993
592 655
592 683
593 724
593 785
594 708
594 750
595 638
595 721
595 932
596 754
596 963
597 700
597 747
597 766
598 727
598 734
598 793
598 861
599 826
599 988
599 996
600 601
600 606
600 758
600 978
600 991
601 632
601 713
601 762
601 832
601 934
601 968
602 964
602 980
603 703
603 722
603 936
604 606
604 624
604 641
604 738
604 959
604 984
605 671
605 717
605 858
606 645
606 763
606 893
606 930
606 963
606 977
607 794
607 846
607 859
607 929
607 963
607 979
608 745
608 804
608 815
609 708
609 759
609 833
609 982
610 644
610 646
610 754
610 847
610 960
611 698
612 635
612 652
612 761
612 813
612 846
612 895
613 685
613 866
614 655
614 786
614 820
614 867
614 914
615 635
615 642
615 684
615 882
616 960
617 676
617 720
617 733
617 738
617 929
618 630
619 684
619 905
620 743
620 766
620 950
621 803
621 856
622 639
622 653
622 656
622 770
622 812
622 974
623 646
623 694
623 776
623 798
623 806
623 916
623 965
624 727
624 864
624 920
625 977
625 984
626 654
626 678
626 982
627 713
627 786
629 823
629 865
629 943
629 978
630 839
630 991
632 714
632 970
633 765
633 813
633 887
633 936
633 960
634 765
635 669
635 763
635 884
635 886
636 689
636 862
636 997
637 653
637 657
637 888
637 968
637 972
637 977
637 981
638 678
638 680
638 866
638 924
639 799
641 902
642 684
642 697
642 785
642 799
642 810
642 961
643 725
643 971
644 667
644 674
644 708
645 669
645 672
645 696
645 723
646 977
646 997
647 648
647 701
647 731
647 850
647 891
647 923
648 763
648 791
648 854
648 856
648 957
648 983
649 726
649 758
649 978
649 996
649 999
650 694
650 774
650 823
650 957
650 965
651 707
651 790
651 950
651 990
651 997
652 787
652 804
652 921
653 725
654 802
654 810
654 811
654 892
654 985
654 999
655 730
655 787
655 850
656 665
656 826
656 872
656 900
657 712
657 810
658 724
658 778
658 843
659 668
659 671
659 726
659 811
660 715
660 716
660 721
661 835
661 912
662 789
662 984
663 720
663 841
664 773
664 782
664 863
664 918
664 919
665 757
665 820
665 848
665 861
665 937
666 686
666 808
666 889
666 923
666 953
666 987
667 823
667 922
667 977
668 888
668 929
669 925
670 672
670 971
672 679
672 681
672 806
672 980
673 744
673 931
674 727
674 954
675 795
675 894
676 758
676 906
676 933
676 988
676 995
677 766
677 988
678 947
679 723
679 852
680 806
680 833
680 941
681 714
681 805
681 866
682 755
682 940
683 901
684 768
684 770
684 880
684 923
685 709
685 840
685 869
685 940
685 952
686 706
686 725
686 749
686 858
686 991
688 854
688 935
688 957
688 967
688 970
689 897
690 931
691 753
692 786
692 818
692 930
692 999
693 718
693 722
693 854
693 878
694 709
694 746
694 751
695 702
695 709
695 723
695 971
697 803
697 852
697 889
698 894
698 921
698 991
699 859
699 884
700 883
700 957
701 725
702 747
702 813
702 829
702 843
702 996
703 733
703 744
703 753
703 801
703 916
703 953
704 747
704 891
704 947
705 728
705 773
705 874
705 959
705 999
706 785
706 826
706 910
706 915
707 846
707 944
708 852
708 866
708 872
708 924
709 824
709 918
710 791
710 882
710 935
711 718
711 739
711 813
711 914
712 776
712 796
712 801
713 718
713 731
713 876
713 877
713 900
713 957
713 966
714 734
714 840
714 865
714 938
714 939
714 947
715 988
716 827
717 890
718 780
718 866
718 873
718 875
718 958
719 758
719 877
720 739
720 748
721 762
721 778
721 849
721 888
722 785
722 863
722 894
723 915
724 742
724 846
724 877
725 811
725 990
726 758
726 843
726 958
726 961
727 736
727 784
727 846
727 960
728 851
729 871
729 891
729 998
730 819
730 831
730 858
730 973
732 763
732 766
732 898
733 738
733 765
733 957
734 773
734 853
735 880
735 996
736 761
737 745
737 768
738 792
738 808
738 818
738 892
738 949
738 975
739 971
740 798
741 791
741 827
741 859
742 872
742 991
743 806
743 930
744 852
744 854
744 869
744 928
745 823
745 842
745 867
745 967
746 776
746 845
746 867
746 868
746 924
746 959
747 769
747 772
750 826
751 789
751 894
751 963
752 929
753 761
753 773
753 818
753 916
753 931
753 949
754 909
755 771
755 781
755 855
755 867
755 921
756 810
756 812
756 906
756 948
757 764
757 868
757 893
757 896
758 922
758 940
758 969
758 970
760 820
760 831
760 974
761 885
761 893
761 915
762 784
762 802
762 847
763 967
764 777
764 815
764 920
765 818
765 857
766 851
766 974
767 857
767 863
767 865
767 936
768 853
768 854
769 812
769 968
770 982
770 985
771 918
772 977
773 867
774 818
774 974
775 849
775 951
776 830
776 922
776 978
778 976
779 941
779 958
780 802
780 818
780 883
780 917
780 970
781 859
781 890
782 879
782 951
783 812
783 814
783 862
784 790
784 919
785 788
785 935
785 950
786 790
786 942
789 897
789 922
791 822
791 858
792 887
793 849
793 854
793 919
793 926
793 943
793 946
794 809
794 857
795 880
795 951
796 831
797 802
797 964
798 801
799 818
799 902
800 810
801 813
801 830
801 988
803 864
803 883
803 989
804 873
804 951
805 886
806 849
806 896
806 913
806 936
806 947
808 819
808 983
809 884
809 961
810 830
811 833
811 836
811 985
812 987
813 817
813 996
814 852
814 870
814 881
815 838
815 866
815 961
816 916
816 947
817 825
817 975
818 998
819 888
819 953
819 955
820 825
820 844
820 857
820 933
821 933
821 989
822 851
822 927
823 922
824 976
825 866
826 931
826 960
827 904
828 867
828 887
829 843
829 861
829 988
831 835
832 898
832 913
832 962
833 845
833 860
833 871
834 857
834 868
834 891
834 905
835 872
835 946
836 898
837 856
837 863
837 957
837 987
838 841
838 842
838 911
838 918
838 945
839 965
840 850
840 903
840 937
841 864
842 881
842 997
843 855
843 987
844 946
845 888
845 895
845 998
847 913
847 964
848 855
848 858
848 931
848 967
849 876
849 963
851 966
853 877
854 912
855 958
856 920
856 984
857 932
857 980
858 886
858 917
860 963
860 993
861 934
861 959
862 921
862 949
862 992
862 999
863 950
864 867
864 888
865 886
865 987
866 876
866 971
866 990
867 921
868 997
869 909
871 906
871 956
872 959
873 991
874 894
874 974
875 961
875 968
876 942
877 887
878 898
878 940
878 978
879 886
880 942
880 977
881 987
883 932
884 929
885 907
886 924
887 913
888 953
889 985
890 955
891 925
891 966
891 979
893 902
894 955
897 948
897 950
898 915
898 926
900 952
900 975
901 982
904 945
905 944
905 994
906 940
906 960
906 983
906 985
906 992
907 958
907 970
909 932
909 991
910 956
910 969
911 941
911 953
912 952
913 995
914 944
914 988
917 985
918 962
918 968
919 960
920 968
922 974
923 969
926 991
926 997
927 953
929 969
934 986
934 991
936 971
936 994
938 952
938 990
939 959
942 976
945 964
947 984
949 980
950 964
953 969
957 960
957 969
959 969
962 983
966 983
968 978
969 987
971 975
971 979
973 987
973 993
975 994
993 998
