100 213
0 79
0 95
1 5
1 39
1 74
2 17
2 40
3 14
3 32
3 52
4 13
4 28
4 31
4 69
5 31
5 56
5 80
6 77
7 5
7 31
7 49
7 51
7 85
7 94
8 15
8 97
9 25
9 51
9 70
10 41
10 43
10 47
11 95
12 25
12 50
12 92
14 50
16 17
16 41
16 65
17 59
18 30
18 47
18 93
19 34
20 70
21 0
21 57
22 15
23 5
23 10
23 35
23 45
23 66
23 84
24 10
25 51
25 74
25 87
26 52
26 76
26 90
27 29
27 36
28 48
29 51
29 57
29 87
30 14
30 18
30 70
30 85
31 51
31 92
31 96
32 89
33 25
33 83
34 26
34 58
34 78
35 12
35 71
36 25
36 57
38 2
38 32
38 75
39 92
40 17
41 70
41 71
41 72
42 84
43 23
43 68
45 11
45 49
46 29
47 2
47 7
47 84
49 97
50 28
51 36
51 80
51 94
52 6
53 40
54 35
54 43
55 9
55 72
56 8
56 47
57 28
57 42
57 52
57 84
58 62
58 76
59 66
59 84
60 49
60 59
60 82
60 91
61 8
61 76
62 68
63 18
63 92
63 98
64 26
64 43
64 88
64 94
65 7
65 15
65 71
66 63
67 46
67 89
68 23
68 27
68 42
68 49
68 72
68 74
69 28
69 63
70 6
70 36
70 56
72 42
72 79
73 23
73 68
74 18
74 19
74 26
75 57
75 95
76 8
76 54
76 58
77 76
77 79
78 33
79 19
80 29
80 61
81 31
82 39
83 26
83 57
83 96
84 26
84 57
84 97
85 0
85 7
85 13
85 15
86 0
86 28
86 67
86 90
87 14
87 24
87 65
87 72
88 89
88 91
89 12
89 40
89 76
90 1
90 55
90 57
90 63
90 92
91 17
91 55
91 69
92 94
93 38
93 72
96 28
96 76
99 2
99 82
99 88
