100 10 938
0 24 646
0 31 225
0 36 850
0 39 334
0 42 689
0 43 938
0 46 343
0 47 973
0 51 300
0 58 897
0 60 723
0 68 274
0 69 117
0 71 683
0 75 136
0 82 726
0 83 427
0 91 126
0 12 505
1 16 144
1 27 356
1 29 137
1 35 511
1 37 908
1 43 802
1 64 703
1 74 143
1 81 753
1 90 905
1 91 556
2 20 691
2 21 602
2 22 628
2 23 294
2 32 986
2 37 502
2 44 216
2 46 767
2 55 154
2 56 824
2 58 580
2 67 377
2 69 153
2 73 728
2 75 613
2 76 511
2 77 207
2 80 553
2 84 410
3 13 366
3 14 224
3 22 955
3 23 595
3 38 992
3 54 327
3 61 612
3 65 935
3 66 514
3 69 544
3 80 449
3 84 741
3 89 171
3 91 530
3 92 517
4 16 822
4 39 797
4 42 315
4 50 320
4 53 493
4 57 300
4 59 204
4 70 969
4 71 792
4 81 283
4 85 598
4 95 443
5 16 407
5 17 360
5 19 251
5 21 110
5 23 309
5 31 922
5 45 838
5 46 256
5 51 355
5 55 883
5 61 179
5 69 871
5 71 414
5 78 974
5 80 181
5 91 301
5 95 930
5 99 496
6 10 749
6 19 515
6 20 156
6 27 865
6 34 263
6 45 881
6 46 785
6 47 110
6 49 691
6 57 804
6 62 612
6 66 463
6 67 221
6 74 247
6 78 231
6 82 982
6 88 468
6 18 519
7 11 160
7 15 422
7 16 933
7 26 883
7 27 913
7 33 342
7 35 888
7 40 977
7 48 661
7 54 767
7 55 436
7 59 584
7 63 911
7 65 113
7 67 553
7 68 124
7 69 270
7 71 989
7 74 176
7 79 933
7 82 638
7 83 991
7 85 896
7 87 974
7 93 526
8 10 678
8 19 313
8 26 606
8 28 640
8 31 862
8 37 688
8 48 617
8 52 443
8 57 289
8 64 150
8 65 872
8 69 940
8 70 907
8 74 278
8 77 467
8 87 842
8 91 207
8 97 205
8 98 949
9 10 961
9 11 555
9 14 282
9 15 427
9 16 782
9 20 522
9 27 885
9 29 605
9 32 283
9 35 788
9 40 311
9 53 287
9 65 947
9 73 529
9 84 326
9 85 778
9 88 665
9 95 239
10 24 560
10 26 737
10 56 214
10 57 113
10 58 346
10 60 403
10 69 568
10 70 253
10 71 210
10 72 944
10 73 992
10 76 623
10 77 119
10 85 105
10 86 353
10 87 231
10 89 957
11 24 981
11 39 140
11 58 190
11 63 573
11 68 576
11 70 948
11 73 580
11 77 468
11 81 262
11 85 602
11 88 742
12 13 451
12 17 199
12 19 788
12 20 736
12 21 135
12 24 945
12 25 543
12 26 430
12 30 706
12 41 318
12 43 900
12 44 270
12 46 170
12 47 764
12 62 698
12 77 662
12 78 494
12 80 427
12 92 834
13 14 154
13 21 608
13 22 740
13 29 911
13 31 529
13 34 427
13 43 748
13 44 291
13 61 436
13 63 539
13 65 604
13 66 168
13 70 860
13 71 693
13 85 205
13 94 275
13 96 895
14 15 441
14 34 732
14 44 345
14 52 832
14 65 925
14 70 951
14 72 237
14 77 703
14 87 582
14 94 921
14 95 181
14 99 861
15 27 469
15 34 667
15 40 751
15 49 314
15 53 648
15 58 617
15 68 648
15 69 855
15 75 153
15 78 620
15 79 702
15 84 772
16 26 686
16 37 683
16 40 960
16 42 912
16 47 141
16 59 276
16 63 639
16 64 271
16 65 798
16 78 597
16 80 474
16 86 932
16 88 596
16 92 171
16 93 121
16 96 928
17 20 955
17 22 272
17 26 960
17 31 731
17 34 734
17 37 691
17 49 244
17 56 528
17 59 286
17 60 957
17 63 980
17 69 880
17 76 720
17 88 920
17 99 772
18 20 488
18 25 648
18 26 943
18 28 368
18 31 725
18 33 984
18 37 640
18 40 707
18 44 864
18 45 821
18 48 633
18 49 276
18 55 624
18 62 863
18 63 896
18 88 448
18 92 970
18 93 658
18 98 512
19 28 580
19 43 208
19 47 188
19 48 750
19 53 848
19 55 804
19 84 302
19 86 959
19 89 879
19 97 269
20 25 666
20 27 174
20 36 504
20 40 257
20 43 210
20 47 321
20 51 494
20 52 243
20 66 575
20 69 285
20 72 104
20 73 367
20 74 749
20 77 486
20 79 792
20 90 361
20 97 443
21 23 215
21 25 475
21 27 697
21 29 698
21 35 737
21 37 624
21 47 694
21 50 805
21 51 148
21 52 100
21 54 934
21 57 656
21 72 154
21 73 984
21 75 236
21 78 427
21 83 813
22 48 523
22 55 364
22 57 892
22 64 806
22 66 869
22 69 582
22 82 715
22 83 154
22 93 272
23 29 555
23 42 862
23 43 649
23 47 783
23 48 723
23 49 459
23 51 424
23 61 598
23 66 407
23 70 789
23 74 475
23 78 856
23 82 655
23 83 461
23 92 210
24 30 467
24 39 458
24 46 625
24 47 859
24 50 324
24 62 377
24 64 792
24 66 519
24 71 757
24 76 625
24 85 957
24 86 602
24 87 978
24 92 549
24 98 518
25 29 276
25 37 637
25 46 448
25 60 958
25 61 189
25 62 329
25 63 368
25 68 770
25 76 978
25 77 989
25 81 470
25 82 379
25 89 137
25 94 366
25 95 469
25 98 395
26 45 418
26 52 630
26 53 371
26 64 461
26 82 501
26 86 718
26 88 175
26 89 262
27 35 983
27 38 767
27 46 368
27 51 444
27 55 166
27 65 691
27 74 190
27 79 404
27 81 240
27 83 300
27 89 456
27 90 252
27 96 983
28 31 212
28 45 384
28 46 669
28 52 488
28 58 741
28 67 883
28 75 188
28 81 912
28 83 399
28 90 511
29 38 946
29 48 814
29 56 643
29 57 740
29 62 535
29 67 425
29 74 550
29 80 822
29 89 647
30 40 185
30 51 999
30 52 563
30 58 420
30 61 552
30 65 132
30 68 956
30 75 862
30 76 593
30 81 365
30 90 657
30 92 507
30 93 529
30 94 952
31 33 758
31 41 344
31 42 689
31 44 778
31 57 580
31 59 423
31 60 372
31 66 859
31 72 420
31 98 482
32 33 893
32 58 569
32 61 831
32 63 513
32 66 399
32 67 793
32 71 134
32 75 682
32 86 508
32 96 835
33 56 701
33 63 212
33 66 422
33 68 931
33 72 635
33 79 712
33 88 682
33 96 815
34 36 975
34 43 865
34 48 666
34 62 780
34 63 579
34 67 834
34 71 494
34 72 843
34 83 301
34 91 503
34 98 853
35 36 887
35 37 254
35 40 136
35 42 297
35 57 811
35 58 137
35 74 349
35 85 516
35 87 512
35 88 335
35 93 405
36 40 534
36 41 596
36 58 599
36 64 292
36 71 185
36 77 267
36 80 153
36 81 754
36 83 649
36 89 916
36 91 110
36 94 309
36 96 428
36 97 951
36 98 278
37 42 185
37 60 670
37 63 990
37 65 607
37 70 867
37 71 412
37 78 211
37 83 453
37 85 263
37 86 647
37 88 206
37 89 444
37 90 522
37 92 576
38 45 772
38 48 759
38 52 177
38 59 376
38 62 852
38 65 236
38 78 902
38 83 532
38 87 677
38 88 857
38 94 770
39 43 708
39 45 214
39 50 255
39 52 658
39 60 777
39 64 286
39 80 545
40 43 373
40 50 242
40 53 833
40 55 384
40 60 272
40 61 479
40 63 617
40 66 918
40 68 113
40 69 425
40 70 737
40 74 658
40 77 227
40 82 947
40 86 478
40 89 430
40 97 239
41 44 139
41 48 727
41 52 426
41 67 131
41 69 141
41 76 804
41 77 899
41 78 670
41 80 138
41 83 251
41 87 578
41 88 734
41 89 194
41 92 494
41 98 337
42 56 545
42 57 973
42 58 978
42 63 644
42 64 839
42 66 300
42 71 508
42 76 880
42 82 765
42 85 467
42 87 861
42 89 959
42 93 738
43 49 896
43 50 230
43 52 220
43 55 566
43 58 448
43 64 136
43 70 488
43 77 860
43 89 673
43 92 634
44 48 810
44 49 112
44 52 464
44 65 853
44 72 351
44 76 907
44 85 498
44 91 574
44 96 965
45 50 796
45 52 767
45 57 732
45 58 456
45 60 194
45 62 635
45 64 363
45 74 838
45 76 808
45 80 713
45 84 676
45 87 793
45 89 847
45 92 379
46 50 664
46 61 917
46 62 625
46 63 569
46 66 965
46 72 359
46 73 610
46 79 454
46 84 997
46 96 394
47 48 593
47 52 252
47 53 954
47 54 461
47 58 224
47 60 120
47 66 557
47 69 358
47 75 810
47 76 581
47 77 188
47 95 140
47 99 692
48 62 425
48 64 284
48 67 813
48 75 309
48 82 704
48 84 974
48 86 630
48 88 409
48 90 529
48 91 126
48 97 633
49 50 734
49 51 858
49 54 827
49 59 549
49 61 997
49 70 830
49 79 308
49 91 120
50 51 691
50 55 461
50 56 332
50 63 622
50 65 512
50 67 965
50 75 339
50 77 952
50 80 493
50 85 642
50 90 435
50 91 813
50 93 743
50 96 536
50 98 629
51 53 560
51 54 988
51 58 338
51 61 598
51 63 165
51 65 831
51 71 535
51 73 446
51 76 642
51 85 855
51 87 654
51 96 741
52 57 766
52 60 200
52 64 961
52 78 332
52 83 608
52 84 361
52 91 712
52 99 802
53 55 678
53 57 156
53 66 616
53 71 662
53 72 737
53 80 735
53 83 402
53 85 222
53 90 338
53 99 259
54 56 924
54 59 311
54 62 569
54 68 436
54 70 296
54 76 140
54 82 788
54 86 231
54 96 376
54 97 556
55 62 200
55 71 247
55 73 985
55 76 824
55 78 399
55 80 800
55 81 417
55 83 627
55 89 389
55 92 808
55 95 244
55 98 295
56 57 670
56 82 773
56 83 549
56 87 936
56 89 306
56 96 748
56 99 378
57 68 241
57 70 457
57 71 304
57 74 754
57 80 834
57 81 821
57 88 895
57 89 792
57 90 748
58 61 178
58 62 921
58 72 810
58 73 965
58 74 684
58 75 619
58 77 463
58 78 255
58 83 500
58 91 887
58 92 338
58 94 989
58 95 983
58 99 270
59 64 830
59 75 323
59 76 380
59 78 497
59 80 473
59 86 181
59 92 159
59 98 410
60 64 809
60 71 984
60 72 107
60 82 209
61 62 793
61 64 987
61 65 132
61 67 690
61 77 616
61 93 141
61 97 575
61 98 437
62 78 786
62 86 505
62 88 308
62 90 147
62 96 604
62 97 156
63 69 466
63 78 411
63 85 837
63 87 318
63 91 910
63 97 406
64 67 527
64 73 773
64 74 223
64 77 302
64 85 751
64 89 816
65 70 571
65 81 167
65 83 544
65 92 677
65 94 993
66 70 758
66 71 650
66 74 104
66 75 311
66 76 436
66 79 607
66 81 590
66 82 769
66 88 703
66 89 694
67 69 127
67 82 667
67 86 352
67 92 681
68 69 859
68 71 256
68 73 303
68 88 877
68 90 726
68 99 219
69 72 316
69 76 240
69 79 880
69 80 681
69 95 721
69 96 958
69 97 544
70 71 524
70 75 749
70 76 892
70 88 698
70 90 819
70 92 441
70 99 172
71 72 127
71 77 140
71 78 781
71 91 559
71 99 276
72 75 835
72 76 601
72 79 866
72 86 671
72 90 872
72 91 292
72 94 918
72 95 513
72 98 455
73 76 560
73 79 506
73 92 879
73 96 608
74 78 932
74 89 443
75 81 603
75 82 402
75 84 402
75 85 205
75 87 705
75 89 406
75 99 787
76 78 311
76 79 569
76 84 170
76 86 305
76 88 596
76 91 152
76 99 162
77 87 547
77 93 273
77 95 872
77 96 516
77 97 471
78 83 391
78 85 925
78 95 229
78 99 916
79 80 132
79 91 222
79 93 338
79 97 425
80 81 674
80 82 753
80 87 971
80 92 903
81 82 116
81 86 609
82 95 502
82 97 463
82 99 821
83 87 337
83 90 323
84 91 941
84 93 464
84 97 844
84 99 680
85 93 246
86 91 970
86 99 724
87 93 489
87 95 666
88 94 297
88 97 965
89 97 725
89 99 387
90 92 905
90 96 712
91 92 605
91 99 989
92 96 815
93 95 253
94 98 940
95 97 196
96 99 140
97 99 940
98 99 375
