1000 480
0 789
1 481
2 527
3 942
4 318
5 421
6 445
6 787
8 50
8 537
9 264
10 147
10 910
11 851
12 372
12 633
15 693
16 162
18 408
19 931
21 449
21 501
22 717
25 134
33 397
34 149
34 749
36 405
36 478
36 970
38 967
40 228
40 721
41 152
41 603
42 767
44 661
44 769
45 847
47 522
47 910
49 182
49 385
49 641
50 454
54 206
54 412
54 580
55 139
55 695
55 905
56 226
57 350
58 499
59 856
62 654
63 529
65 829
66 544
67 252
67 380
67 410
68 102
68 327
68 590
69 474
69 639
69 674
72 125
72 474
76 972
77 229
78 885
79 164
81 97
81 370
82 753
83 197
83 226
83 800
83 839
85 691
86 202
86 607
90 354
90 363
91 374
92 571
96 484
97 466
99 519
100 126
102 124
102 147
102 635
105 926
107 308
108 598
108 870
109 127
110 697
110 829
113 489
114 461
114 502
115 156
115 220
115 322
116 776
117 578
117 909
119 640
122 363
123 259
124 596
127 815
128 578
129 445
130 199
130 225
131 636
132 618
133 957
134 375
134 724
134 925
144 390
145 818
146 315
146 560
147 777
148 685
150 465
151 651
152 575
153 517
154 298
156 817
157 887
159 413
159 780
160 443
161 380
162 686
164 271
164 876
166 832
167 397
167 494
167 540
169 376
170 934
171 821
173 667
174 203
174 316
175 217
175 746
176 724
177 363
177 772
178 496
179 329
179 519
181 226
184 370
184 456
186 390
187 425
187 752
187 954
188 736
189 334
189 366
190 382
191 713
192 314
192 869
193 449
193 899
195 637
196 683
198 587
200 683
203 850
208 710
209 584
210 477
214 831
215 606
218 743
219 440
221 379
221 729
221 798
226 727
227 647
227 939
227 991
229 706
233 950
237 792
239 276
239 522
240 912
241 990
242 481
245 717
246 289
246 621
249 485
249 810
250 462
253 687
253 839
254 502
254 703
255 388
256 694
256 772
259 519
263 581
263 642
264 268
265 537
265 955
267 494
267 885
269 760
270 405
271 293
277 716
279 697
280 563
280 778
281 576
284 289
285 594
285 656
286 444
290 597
290 834
290 881
291 400
291 531
291 620
292 399
293 850
295 912
296 353
298 584
298 586
300 657
301 500
303 449
305 585
306 663
308 978
309 686
310 896
311 725
312 652
312 764
314 967
315 868
316 394
318 368
318 668
319 476
319 479
323 401
323 615
326 523
330 886
332 656
334 420
335 615
335 742
337 615
337 687
338 658
339 689
339 752
341 482
342 688
351 419
351 616
351 671
351 691
352 359
352 603
356 626
356 662
358 764
358 881
360 443
360 618
365 371
366 674
370 708
372 934
375 419
383 711
384 860
385 785
390 438
392 409
392 854
393 443
393 662
396 498
399 737
400 961
401 659
403 437
404 795
407 478
407 854
408 478
408 531
411 876
412 720
413 577
413 972
414 520
419 508
420 834
423 469
423 583
424 996
425 477
426 436
426 815
427 638
428 485
428 496
428 568
429 770
429 974
430 751
433 691
435 857
438 459
445 460
447 900
450 897
453 574
454 859
455 887
458 881
458 930
459 743
465 713
465 745
468 655
468 920
470 718
471 818
473 807
478 921
480 974
481 922
484 807
488 817
489 544
490 843
495 881
498 653
506 863
507 510
507 560
515 820
516 573
520 766
521 708
522 630
525 638
525 900
528 564
528 832
531 931
532 887
539 610
539 728
540 908
542 994
545 743
545 956
550 933
550 979
560 749
564 893
566 624
568 941
572 621
575 579
575 860
578 749
580 729
580 918
581 679
584 616
585 964
586 709
586 874
594 998
595 893
600 943
608 914
610 654
611 805
616 687
619 897
620 663
622 791
627 884
627 893
629 951
636 946
638 967
639 837
640 701
641 697
645 834
646 978
647 725
652 749
653 689
655 660
662 798
664 926
676 685
679 894
681 899
681 920
685 751
687 924
696 814
704 851
705 879
707 788
708 989
709 981
712 720
715 970
716 740
722 937
724 972
728 782
733 741
733 768
734 947
736 979
737 949
745 998
748 975
751 762
767 839
768 794
768 796
769 979
771 996
772 796
772 799
782 895
782 986
784 803
795 937
798 800
804 965
817 825
820 945
824 936
828 951
828 962
830 903
834 945
859 942
866 872
886 916
